0.3989422804
0.3989420809
0.3989414825
0.3989404852
0.3989390889
0.3989372937
0.3989350995
0.3989325064
0.3989295145
0.3989261236
0.3989223338
0.3989181451
0.3989135576
0.3989085712
0.3989031860
0.3988974019
0.3988912191
0.3988846374
0.3988776570
0.3988702778
0.3988624999
0.3988543233
0.3988457481
0.3988367741
0.3988274016
0.3988176304
0.3988074607
0.3987968924
0.3987859257
0.3987745604
0.3987627968
0.3987506347
0.3987380742
0.3987251155
0.3987117584
0.3986980031
0.3986838495
0.3986692978
0.3986543480
0.3986390001
0.3986232542
0.3986071103
0.3985905684
0.3985736287
0.3985562911
0.3985385558
0.3985204227
0.3985018919
0.3984829635
0.3984636376
0.3984439141
0.3984237932
0.3984032749
0.3983823593
0.3983610464
0.3983393363
0.3983172291
0.3982947248
0.3982718235
0.3982485253
0.3982248302
0.3982007383
0.3981762497
0.3981513645
0.3981260827
0.3981004044
0.3980743297
0.3980478586
0.3980209913
0.3979937278
0.3979660682
0.3979380125
0.3979095610
0.3978807136
0.3978514704
0.3978218316
0.3977917972
0.3977613673
0.3977305420
0.3976993214
0.3976677055
0.3976356945
0.3976032886
0.3975704876
0.3975372919
0.3975037014
0.3974697163
0.3974353367
0.3974005626
0.3973653942
0.3973298316
0.3972938749
0.3972575241
0.3972207795
0.3971836411
0.3971461090
0.3971081834
0.3970698643
0.3970311519
0.3969920462
0.3969525475
0.3969126558
0.3968723712
0.3968316938
0.3967906239
0.3967491614
0.3967073066
0.3966650595
0.3966224203
0.3965793891
0.3965359660
0.3964921512
0.3964479448
0.3964033469
0.3963583577
0.3963129773
0.3962672058
0.3962210433
0.3961744901
0.3961275462
0.3960802118
0.3960324870
0.3959843720
0.3959358669
0.3958869718
0.3958376869
0.3957880124
0.3957379484
0.3956874950
0.3956366525
0.3955854208
0.3955338003
0.3954817910
0.3954293932
0.3953766069
0.3953234323
0.3952698696
0.3952159189
0.3951615805
0.3951068544
0.3950517408
0.3949962400
0.3949403520
0.3948840770
0.3948274152
0.3947703667
0.3947129318
0.3946551106
0.3945969033
0.3945383100
0.3944793309
0.3944199662
0.3943602161
0.3943000808
0.3942395604
0.3941786551
0.3941173650
0.3940556905
0.3939936316
0.3939311886
0.3938683616
0.3938051508
0.3937415564
0.3936775786
0.3936132175
0.3935484735
0.3934833466
0.3934178371
0.3933519451
0.3932856709
0.3932190146
0.3931519765
0.3930845567
0.3930167555
0.3929485730
0.3928800094
0.3928110651
0.3927417400
0.3926720345
0.3926019488
0.3925314831
0.3924606376
0.3923894124
0.3923178079
0.3922458242
0.3921734615
0.3921007201
0.3920276001
0.3919541018
0.3918802254
0.3918059712
0.3917313393
0.3916563299
0.3915809433
0.3915051797
0.3914290394
0.3913525225
0.3912756292
0.3911983599
0.3911207148
0.3910426940
0.3909642978
0.3908855264
0.3908063801
0.3907268591
0.3906469636
0.3905666939
0.3904860502
0.3904050328
0.3903236418
0.3902418776
0.3901597403
0.3900772302
0.3899943476
0.3899110927
0.3898274658
0.3897434670
0.3896590967
0.3895743550
0.3894892423
0.3894037588
0.3893179048
0.3892316804
0.3891450860
0.3890581218
0.3889707880
0.3888830850
0.3887950130
0.3887065722
0.3886177629
0.3885285853
0.3884390398
0.3883491266
0.3882588459
0.3881681980
0.3880771833
0.3879858018
0.3878940541
0.3878019402
0.3877094604
0.3876166151
0.3875234045
0.3874298289
0.3873358886
0.3872415838
0.3871469148
0.3870518819
0.3869564854
0.3868607255
0.3867646025
0.3866681168
0.3865712686
0.3864740581
0.3863764857
0.3862785517
0.3861802563
0.3860815999
0.3859825826
0.3858832049
0.3857834670
0.3856833692
0.3855829118
0.3854820950
0.3853809192
0.3852793847
0.3851774918
0.3850752408
0.3849726319
0.3848696655
0.3847663419
0.3846626613
0.3845586241
0.3844542306
0.3843494811
0.3842443759
0.3841389153
0.3840330996
0.3839269291
0.3838204042
0.3837135251
0.3836062922
0.3834987057
0.3833907660
0.3832824734
0.3831738282
0.3830648308
0.3829554814
0.3828457803
0.3827357280
0.3826253247
0.3825145707
0.3824034663
0.3822920120
0.3821802079
0.3820680545
0.3819555520
0.3818427008
0.3817295012
0.3816159536
0.3815020582
0.3813878155
0.3812732256
0.3811582891
0.3810430061
0.3809273771
0.3808114024
0.3806950823
0.3805784171
0.3804614073
0.3803440530
0.3802263548
0.3801083128
0.3799899275
0.3798711992
0.3797521282
0.3796327150
0.3795129597
0.3793928629
0.3792724248
0.3791516458
0.3790305262
0.3789090663
0.3787872666
0.3786651275
0.3785426491
0.3784198319
0.3782966763
0.3781731826
0.3780493512
0.3779251824
0.3778006765
0.3776758340
0.3775506552
0.3774251405
0.3772992902
0.3771731047
0.3770465844
0.3769197295
0.3767925406
0.3766650179
0.3765371618
0.3764089728
0.3762804510
0.3761515971
0.3760224112
0.3758928938
0.3757630452
0.3756328659
0.3755023561
0.3753715163
0.3752403469
0.3751088482
0.3749770206
0.3748448645
0.3747123803
0.3745795683
0.3744464289
0.3743129626
0.3741791696
0.3740450504
0.3739106054
0.3737758349
0.3736407393
0.3735053191
0.3733695746
0.3732335062
0.3730971143
0.3729603993
0.3728233615
0.3726860014
0.3725483193
0.3724103158
0.3722719910
0.3721333455
0.3719943797
0.3718550939
0.3717154885
0.3715755640
0.3714353207
0.3712947590
0.3711538794
0.3710126822
0.3708711678
0.3707293367
0.3705871893
0.3704447259
0.3703019470
0.3701588529
0.3700154442
0.3698717211
0.3697276841
0.3695833336
0.3694386701
0.3692936939
0.3691484054
0.3690028051
0.3688568933
0.3687106705
0.3685641372
0.3684172936
0.3682701403
0.3681226776
0.3679749061
0.3678268260
0.3676784378
0.3675297419
0.3673807388
0.3672314289
0.3670818126
0.3669318903
0.3667816624
0.3666311295
0.3664802918
0.3663291498
0.3661777041
0.3660259548
0.3658739027
0.3657215479
0.3655688910
0.3654159325
0.3652626726
0.3651091120
0.3649552509
0.3648010899
0.3646466293
0.3644918697
0.3643368114
0.3641814549
0.3640258006
0.3638698489
0.3637136004
0.3635570554
0.3634002143
0.3632430777
0.3630856460
0.3629279195
0.3627698988
0.3626115843
0.3624529765
0.3622940757
0.3621348824
0.3619753971
0.3618156203
0.3616555523
0.3614951936
0.3613345447
0.3611736060
0.3610123780
0.3608508611
0.3606890558
0.3605269625
0.3603645816
0.3602019138
0.3600389593
0.3598757186
0.3597121923
0.3595483807
0.3593842843
0.3592199036
0.3590552390
0.3588902910
0.3587250601
0.3585595467
0.3583937512
0.3582276742
0.3580613161
0.3578946774
0.3577277584
0.3575605598
0.3573930819
0.3572253252
0.3570572902
0.3568889774
0.3567203872
0.3565515201
0.3563823765
0.3562129570
0.3560432619
0.3558732919
0.3557030472
0.3555325285
0.3553617362
0.3551906707
0.3550193325
0.3548477222
0.3546758401
0.3545036868
0.3543312627
0.3541585683
0.3539856040
0.3538123705
0.3536388681
0.3534650973
0.3532910586
0.3531167525
0.3529421794
0.3527673399
0.3525922344
0.3524168633
0.3522412273
0.3520653268
0.3518891622
0.3517127340
0.3515360427
0.3513590889
0.3511818729
0.3510043954
0.3508266566
0.3506486573
0.3504703978
0.3502918786
0.3501131002
0.3499340632
0.3497547679
0.3495752149
0.3493954047
0.3492153378
0.3490350147
0.3488544358
0.3486736017
0.3484925128
0.3483111696
0.3481295727
0.3479477225
0.3477656195
0.3475832643
0.3474006573
0.3472177990
0.3470346899
0.3468513305
0.3466677213
0.3464838629
0.3462997556
0.3461154001
0.3459307968
0.3457459462
0.3455608488
0.3453755051
0.3451899157
0.3450040809
0.3448180014
0.3446316777
0.3444451101
0.3442582993
0.3440712458
0.3438839500
0.3436964125
0.3435086337
0.3433206142
0.3431323545
0.3429438550
0.3427551164
0.3425661391
0.3423769235
0.3421874703
0.3419977800
0.3418078530
0.3416176898
0.3414272910
0.3412366571
0.3410457886
0.3408546860
0.3406633498
0.3404717806
0.3402799788
0.3400879449
0.3398956796
0.3397031832
0.3395104563
0.3393174995
0.3391243132
0.3389308980
0.3387372543
0.3385433827
0.3383492837
0.3381549579
0.3379604057
0.3377656277
0.3375706244
0.3373753962
0.3371799438
0.3369842677
0.3367883683
0.3365922462
0.3363959019
0.3361993359
0.3360025488
0.3358055411
0.3356083133
0.3354108659
0.3352131995
0.3350153145
0.3348172116
0.3346188911
0.3344203537
0.3342215999
0.3340226302
0.3338234451
0.3336240452
0.3334244309
0.3332246029
0.3330245616
0.3328243075
0.3326238413
0.3324231634
0.3322222743
0.3320211746
0.3318198648
0.3316183455
0.3314166171
0.3312146802
0.3310125353
0.3308101831
0.3306076239
0.3304048583
0.3302018869
0.3299987101
0.3297953286
0.3295917429
0.3293879534
0.3291839608
0.3289797655
0.3287753681
0.3285707691
0.3283659691
0.3281609686
0.3279557680
0.3277503681
0.3275447693
0.3273389721
0.3271329770
0.3269267847
0.3267203956
0.3265138103
0.3263070293
0.3261000531
0.3258928824
0.3256855176
0.3254779592
0.3252702079
0.3250622641
0.3248541284
0.3246458013
0.3244372833
0.3242285751
0.3240196771
0.3238105899
0.3236013140
0.3233918500
0.3231821984
0.3229723597
0.3227623345
0.3225521233
0.3223417267
0.3221311452
0.3219203793
0.3217094297
0.3214982967
0.3212869811
0.3210754832
0.3208638038
0.3206519432
0.3204399021
0.3202276810
0.3200152804
0.3198027008
0.3195899429
0.3193770072
0.3191638942
0.3189506044
0.3187371385
0.3185234969
0.3183096801
0.3180956888
0.3178815235
0.3176671847
0.3174526730
0.3172379889
0.3170231329
0.3168081057
0.3165929077
0.3163775395
0.3161620017
0.3159462947
0.3157304192
0.3155143757
0.3152981647
0.3150817868
0.3148652425
0.3146485324
0.3144316570
0.3142146169
0.3139974126
0.3137800447
0.3135625137
0.3133448201
0.3131269645
0.3129089475
0.3126907696
0.3124724314
0.3122539334
0.3120352761
0.3118164601
0.3115974860
0.3113783542
0.3111590654
0.3109396201
0.3107200189
0.3105002622
0.3102803507
0.3100602848
0.3098400652
0.3096196924
0.3093991670
0.3091784894
0.3089576603
0.3087366801
0.3085155495
0.3082942690
0.3080728392
0.3078512605
0.3076295335
0.3074076589
0.3071856370
0.3069634686
0.3067411541
0.3065186941
0.3062960892
0.3060733398
0.3058504466
0.3056274100
0.3054042307
0.3051809092
0.3049574461
0.3047338418
0.3045100970
0.3042862121
0.3040621878
0.3038380247
0.3036137231
0.3033892838
0.3031647072
0.3029399938
0.3027151444
0.3024901593
0.3022650392
0.3020397846
0.3018143960
0.3015888741
0.3013632193
0.3011374322
0.3009115133
0.3006854632
0.3004592825
0.3002329717
0.3000065314
0.2997799621
0.2995532643
0.2993264386
0.2990994856
0.2988724058
0.2986451997
0.2984178680
0.2981904111
0.2979628296
0.2977351240
0.2975072950
0.2972793431
0.2970512687
0.2968230725
0.2965947550
0.2963663168
0.2961377583
0.2959090802
0.2956802831
0.2954513673
0.2952223336
0.2949931825
0.2947639144
0.2945345300
0.2943050298
0.2940754143
0.2938456842
0.2936158399
0.2933858820
0.2931558110
0.2929256275
0.2926953321
0.2924649252
0.2922344075
0.2920037795
0.2917730418
0.2915421948
0.2913112391
0.2910801753
0.2908490040
0.2906177256
0.2903863407
0.2901548499
0.2899232538
0.2896915528
0.2894597475
0.2892278384
0.2889958262
0.2887637113
0.2885314943
0.2882991758
0.2880667562
0.2878342362
0.2876016163
0.2873688970
0.2871360789
0.2869031625
0.2866701483
0.2864370370
0.2862038290
0.2859705249
0.2857371253
0.2855036306
0.2852700415
0.2850363585
0.2848025821
0.2845687128
0.2843347513
0.2841006980
0.2838665535
0.2836323184
0.2833979931
0.2831635783
0.2829290744
0.2826944821
0.2824598018
0.2822250340
0.2819901795
0.2817552386
0.2815202119
0.2812851000
0.2810499034
0.2808146227
0.2805792583
0.2803438108
0.2801082809
0.2798726689
0.2796369755
0.2794012011
0.2791653464
0.2789294119
0.2786933980
0.2784573054
0.2782211346
0.2779848861
0.2777485605
0.2775121583
0.2772756800
0.2770391261
0.2768024973
0.2765657940
0.2763290168
0.2760921663
0.2758552429
0.2756182472
0.2753811797
0.2751440409
0.2749068315
0.2746695519
0.2744322027
0.2741947844
0.2739572975
0.2737197426
0.2734821202
0.2732444309
0.2730066751
0.2727688534
0.2725309664
0.2722930145
0.2720549984
0.2718169185
0.2715787753
0.2713405695
0.2711023015
0.2708639718
0.2706255810
0.2703871297
0.2701486183
0.2699100474
0.2696714175
0.2694327292
0.2691939829
0.2689551792
0.2687163187
0.2684774018
0.2682384291
0.2679994011
0.2677603183
0.2675211813
0.2672819906
0.2670427468
0.2668034502
0.2665641015
0.2663247013
0.2660852499
0.2658457480
0.2656061960
0.2653665946
0.2651269441
0.2648872452
0.2646474984
0.2644077041
0.2641678630
0.2639279755
0.2636880421
0.2634480634
0.2632080399
0.2629679721
0.2627278606
0.2624877058
0.2622475082
0.2620072685
0.2617669871
0.2615266645
0.2612863012
0.2610458979
0.2608054549
0.2605649728
0.2603244521
0.2600838934
0.2598432971
0.2596026638
0.2593619939
0.2591212881
0.2588805467
0.2586397704
0.2583989596
0.2581581149
0.2579172368
0.2576763257
0.2574353822
0.2571944068
0.2569534001
0.2567123624
0.2564712944
0.2562301966
0.2559890694
0.2557479133
0.2555067290
0.2552655168
0.2550242773
0.2547830110
0.2545417185
0.2543004001
0.2540590565
0.2538176881
0.2535762954
0.2533348790
0.2530934393
0.2528519769
0.2526104922
0.2523689858
0.2521274581
0.2518859097
0.2516443411
0.2514027527
0.2511611452
0.2509195189
0.2506778743
0.2504362121
0.2501945326
0.2499528364
0.2497111240
0.2494693959
0.2492276525
0.2489858944
0.2487441220
0.2485023360
0.2482605367
0.2480187246
0.2477769003
0.2475350643
0.2472932170
0.2470513589
0.2468094906
0.2465676125
0.2463257251
0.2460838289
0.2458419244
0.2456000122
0.2453580926
0.2451161662
0.2448742334
0.2446322948
0.2443903509
0.2441484021
0.2439064489
0.2436644919
0.2434225314
0.2431805680
0.2429386023
0.2426966345
0.2424546653
0.2422126952
0.2419707245
0.2417287539
0.2414867837
0.2412448145
0.2410028468
0.2407608810
0.2405189176
0.2402769571
0.2400349999
0.2397930467
0.2395510977
0.2393091536
0.2390672148
0.2388252817
0.2385833549
0.2383414348
0.2380995220
0.2378576168
0.2376157197
0.2373738313
0.2371319520
0.2368900823
0.2366482226
0.2364063735
0.2361645353
0.2359227087
0.2356808940
0.2354390916
0.2351973022
0.2349555261
0.2347137639
0.2344720159
0.2342302828
0.2339885648
0.2337468625
0.2335051764
0.2332635070
0.2330218546
0.2327802198
0.2325386030
0.2322970047
0.2320554254
0.2318138655
0.2315723255
0.2313308058
0.2310893069
0.2308478293
0.2306063734
0.2303649397
0.2301235286
0.2298821407
0.2296407763
0.2293994359
0.2291581200
0.2289168291
0.2286755635
0.2284343238
0.2281931104
0.2279519237
0.2277107642
0.2274696325
0.2272285288
0.2269874537
0.2267464076
0.2265053910
0.2262644043
0.2260234479
0.2257825224
0.2255416282
0.2253007656
0.2250599353
0.2248191375
0.2245783728
0.2243376417
0.2240969444
0.2238562816
0.2236156536
0.2233750608
0.2231345038
0.2228939830
0.2226534988
0.2224130516
0.2221726419
0.2219322701
0.2216919367
0.2214516421
0.2212113868
0.2209711712
0.2207309956
0.2204908607
0.2202507667
0.2200107141
0.2197707034
0.2195307351
0.2192908094
0.2190509269
0.2188110880
0.2185712932
0.2183315427
0.2180918372
0.2178521770
0.2176125626
0.2173729943
0.2171334726
0.2168939980
0.2166545708
0.2164151916
0.2161758606
0.2159365783
0.2156973453
0.2154581618
0.2152190283
0.2149799452
0.2147409130
0.2145019321
0.2142630029
0.2140241257
0.2137853012
0.2135465295
0.2133078113
0.2130691468
0.2128305365
0.2125919809
0.2123534802
0.2121150351
0.2118766458
0.2116383128
0.2114000364
0.2111618172
0.2109236555
0.2106855517
0.2104475063
0.2102095196
0.2099715921
0.2097337241
0.2094959161
0.2092581685
0.2090204817
0.2087828561
0.2085452921
0.2083077900
0.2080703504
0.2078329736
0.2075956601
0.2073584101
0.2071212242
0.2068841026
0.2066470459
0.2064100544
0.2061731286
0.2059362687
0.2056994753
0.2054627487
0.2052260892
0.2049894974
0.2047529736
0.2045165182
0.2042801316
0.2040438141
0.2038075662
0.2035713883
0.2033352807
0.2030992439
0.2028632782
0.2026273840
0.2023915618
0.2021558118
0.2019201346
0.2016845304
0.2014489996
0.2012135427
0.2009781601
0.2007428520
0.2005076190
0.2002724613
0.2000373793
0.1998023736
0.1995674443
0.1993325919
0.1990978168
0.1988631194
0.1986285000
0.1983939590
0.1981594968
0.1979251138
0.1976908102
0.1974565867
0.1972224433
0.1969883807
0.1967543991
0.1965204989
0.1962866804
0.1960529441
0.1958192903
0.1955857194
0.1953522317
0.1951188277
0.1948855076
0.1946522719
0.1944191209
0.1941860550
0.1939530745
0.1937201798
0.1934873713
0.1932546493
0.1930220142
0.1927894664
0.1925570062
0.1923246339
0.1920923500
0.1918601547
0.1916280485
0.1913960317
0.1911641046
0.1909322677
0.1907005212
0.1904688656
0.1902373011
0.1900058281
0.1897744470
0.1895431581
0.1893119618
0.1890808584
0.1888498483
0.1886189318
0.1883881093
0.1881573810
0.1879267475
0.1876962089
0.1874657657
0.1872354182
0.1870051667
0.1867750116
0.1865449532
0.1863149918
0.1860851279
0.1858553617
0.1856256935
0.1853961238
0.1851666528
0.1849372810
0.1847080085
0.1844788358
0.1842497632
0.1840207910
0.1837919196
0.1835631492
0.1833344803
0.1831059131
0.1828774481
0.1826490854
0.1824208255
0.1821926686
0.1819646151
0.1817366654
0.1815088197
0.1812810783
0.1810534417
0.1808259101
0.1805984838
0.1803711632
0.1801439486
0.1799168403
0.1796898386
0.1794629439
0.1792361564
0.1790094765
0.1787829045
0.1785564407
0.1783300855
0.1781038391
0.1778777018
0.1776516741
0.1774257561
0.1771999482
0.1769742507
0.1767486640
0.1765231882
0.1762978238
0.1760725711
0.1758474303
0.1756224018
0.1753974858
0.1751726827
0.1749479928
0.1747234164
0.1744989537
0.1742746052
0.1740503710
0.1738262515
0.1736022470
0.1733783578
0.1731545842
0.1729309265
0.1727073849
0.1724839599
0.1722606516
0.1720374603
0.1718143865
0.1715914303
0.1713685920
0.1711458720
0.1709232706
0.1707007879
0.1704784244
0.1702561803
0.1700340559
0.1698120515
0.1695901673
0.1693684037
0.1691467609
0.1689252393
0.1687038390
0.1684825605
0.1682614039
0.1680403696
0.1678194578
0.1675986689
0.1673780030
0.1671574606
0.1669370417
0.1667167469
0.1664965762
0.1662765300
0.1660566086
0.1658368122
0.1656171411
0.1653975956
0.1651781760
0.1649588825
0.1647397154
0.1645206749
0.1643017614
0.1640829751
0.1638643163
0.1636457852
0.1634273821
0.1632091073
0.1629909611
0.1627729436
0.1625550552
0.1623372962
0.1621196667
0.1619021671
0.1616847976
0.1614675584
0.1612504499
0.1610334723
0.1608166258
0.1605999107
0.1603833273
0.1601668759
0.1599505565
0.1597343696
0.1595183154
0.1593023941
0.1590866060
0.1588709513
0.1586554303
0.1584400433
0.1582247904
0.1580096719
0.1577946881
0.1575798393
0.1573651256
0.1571505473
0.1569361047
0.1567217979
0.1565076273
0.1562935931
0.1560796956
0.1558659349
0.1556523112
0.1554388250
0.1552254763
0.1550122655
0.1547991927
0.1545862582
0.1543734622
0.1541608050
0.1539482868
0.1537359078
0.1535236683
0.1533115684
0.1530996085
0.1528877888
0.1526761094
0.1524645707
0.1522531728
0.1520419160
0.1518308004
0.1516198264
0.1514089941
0.1511983039
0.1509877557
0.1507773501
0.1505670870
0.1503569668
0.1501469897
0.1499371559
0.1497274656
0.1495179191
0.1493085165
0.1490992581
0.1488901441
0.1486811746
0.1484723500
0.1482636705
0.1480551361
0.1478467473
0.1476385041
0.1474304067
0.1472224555
0.1470146506
0.1468069922
0.1465994805
0.1463921157
0.1461848981
0.1459778278
0.1457709050
0.1455641300
0.1453575030
0.1451510241
0.1449446935
0.1447385116
0.1445324783
0.1443265941
0.1441208589
0.1439152732
0.1437098370
0.1435045505
0.1432994140
0.1430944277
0.1428895917
0.1426849062
0.1424803714
0.1422759876
0.1420717548
0.1418676734
0.1416637435
0.1414599652
0.1412563388
0.1410528645
0.1408495424
0.1406463728
0.1404433558
0.1402404916
0.1400377803
0.1398352223
0.1396328176
0.1394305664
0.1392284690
0.1390265255
0.1388247360
0.1386231009
0.1384216201
0.1382202940
0.1380191227
0.1378181063
0.1376172452
0.1374165393
0.1372159889
0.1370155942
0.1368153554
0.1366152725
0.1364153459
0.1362155756
0.1360159619
0.1358165049
0.1356172047
0.1354180616
0.1352190757
0.1350202471
0.1348215761
0.1346230628
0.1344247074
0.1342265100
0.1340284708
0.1338305899
0.1336328676
0.1334353040
0.1332378991
0.1330406533
0.1328435667
0.1326466394
0.1324498715
0.1322532633
0.1320568149
0.1318605264
0.1316643980
0.1314684299
0.1312726221
0.1310769750
0.1308814885
0.1306861629
0.1304909983
0.1302959949
0.1301011527
0.1299064721
0.1297119530
0.1295175957
0.1293234002
0.1291293669
0.1289354957
0.1287417868
0.1285482404
0.1283548567
0.1281616356
0.1279685775
0.1277756825
0.1275829506
0.1273903820
0.1271979769
0.1270057354
0.1268136576
0.1266217437
0.1264299937
0.1262384080
0.1260469865
0.1258557294
0.1256646368
0.1254737089
0.1252829458
0.1250923477
0.1249019146
0.1247116467
0.1245215441
0.1243316070
0.1241418354
0.1239522295
0.1237627895
0.1235735155
0.1233844075
0.1231954657
0.1230066902
0.1228180812
0.1226296387
0.1224413630
0.1222532540
0.1220653120
0.1218775370
0.1216899292
0.1215024887
0.1213152156
0.1211281100
0.1209411720
0.1207544018
0.1205677995
0.1203813651
0.1201950988
0.1200090007
0.1198230709
0.1196373096
0.1194517167
0.1192662926
0.1190810371
0.1188959506
0.1187110330
0.1185262845
0.1183417051
0.1181572951
0.1179730544
0.1177889832
0.1176050816
0.1174213498
0.1172377877
0.1170543955
0.1168711734
0.1166881213
0.1165052394
0.1163225279
0.1161399867
0.1159576161
0.1157754160
0.1155933867
0.1154115281
0.1152298404
0.1150483237
0.1148669780
0.1146858035
0.1145048003
0.1143239684
0.1141433079
0.1139628190
0.1137825016
0.1136023560
0.1134223822
0.1132425803
0.1130629503
0.1128834924
0.1127042066
0.1125250930
0.1123461518
0.1121673829
0.1119887865
0.1118103627
0.1116321115
0.1114540330
0.1112761273
0.1110983945
0.1109208347
0.1107434479
0.1105662342
0.1103891937
0.1102123265
0.1100356326
0.1098591121
0.1096827651
0.1095065917
0.1093305920
0.1091547659
0.1089791136
0.1088036352
0.1086283307
0.1084532002
0.1082782438
0.1081034615
0.1079288535
0.1077544197
0.1075801602
0.1074060751
0.1072321645
0.1070584285
0.1068848670
0.1067114802
0.1065382681
0.1063652308
0.1061923684
0.1060196809
0.1058471684
0.1056748308
0.1055026684
0.1053306812
0.1051588691
0.1049872323
0.1048157709
0.1046444848
0.1044733741
0.1043024390
0.1041316793
0.1039610953
0.1037906870
0.1036204543
0.1034503974
0.1032805163
0.1031108111
0.1029412818
0.1027719284
0.1026027511
0.1024337498
0.1022649246
0.1020962755
0.1019278027
0.1017595061
0.1015913858
0.1014234418
0.1012556742
0.1010880830
0.1009206683
0.1007534301
0.1005863684
0.1004194834
0.1002527749
0.1000862431
0.0999198881
0.0997537098
0.0995877082
0.0994218835
0.0992562357
0.0990907648
0.0989254707
0.0987603537
0.0985954136
0.0984306506
0.0982660647
0.0981016559
0.0979374242
0.0977733696
0.0976094923
0.0974457922
0.0972822693
0.0971189238
0.0969557555
0.0967927646
0.0966299511
0.0964673149
0.0963048562
0.0961425750
0.0959804712
0.0958185449
0.0956567962
0.0954952250
0.0953338313
0.0951726153
0.0950115769
0.0948507161
0.0946900329
0.0945295275
0.0943691997
0.0942090497
0.0940490774
0.0938892828
0.0937296660
0.0935702270
0.0934109659
0.0932518825
0.0930929769
0.0929342492
0.0927756994
0.0926173275
0.0924591334
0.0923011172
0.0921432790
0.0919856186
0.0918281363
0.0916708318
0.0915137053
0.0913567568
0.0911999862
0.0910433936
0.0908869790
0.0907307424
0.0905746838
0.0904188032
0.0902631006
0.0901075760
0.0899522295
0.0897970609
0.0896420704
0.0894872579
0.0893326235
0.0891781671
0.0890238887
0.0888697883
0.0887158660
0.0885621217
0.0884085554
0.0882551672
0.0881019570
0.0879489248
0.0877960706
0.0876433945
0.0874908963
0.0873385762
0.0871864340
0.0870344699
0.0868826837
0.0867310756
0.0865796453
0.0864283931
0.0862773188
0.0861264225
0.0859757041
0.0858251636
0.0856748011
0.0855246164
0.0853746097
0.0852247808
0.0850751298
0.0849256566
0.0847763613
0.0846272438
0.0844783042
0.0843295423
0.0841809582
0.0840325518
0.0838843233
0.0837362724
0.0835883993
0.0834407038
0.0832931861
0.0831458459
0.0829986835
0.0828516986
0.0827048913
0.0825582616
0.0824118095
0.0822655349
0.0821194378
0.0819735182
0.0818277760
0.0816822113
0.0815368239
0.0813916140
0.0812465814
0.0811017262
0.0809570483
0.0808125476
0.0806682242
0.0805240780
0.0803801091
0.0802363172
0.0800927026
0.0799492650
0.0798060045
0.0796629210
0.0795200146
0.0793772851
0.0792347326
0.0790923570
0.0789501583
0.0788081364
0.0786662914
0.0785246231
0.0783831316
0.0782418168
0.0781006786
0.0779597171
0.0778189322
0.0776783238
0.0775378920
0.0773976366
0.0772575577
0.0771176552
0.0769779291
0.0768383793
0.0766990058
0.0765598085
0.0764207874
0.0762819425
0.0761432737
0.0760047810
0.0758664643
0.0757283236
0.0755903588
0.0754525699
0.0753149569
0.0751775197
0.0750402582
0.0749031725
0.0747662624
0.0746295279
0.0744929691
0.0743565857
0.0742203778
0.0740843453
0.0739484882
0.0738128065
0.0736773000
0.0735419687
0.0734068126
0.0732718316
0.0731370257
0.0730023948
0.0728679388
0.0727336578
0.0725995516
0.0724656202
0.0723318636
0.0721982817
0.0720648743
0.0719316416
0.0717985834
0.0716656996
0.0715329903
0.0714004553
0.0712680946
0.0711359081
0.0710038958
0.0708720576
0.0707403935
0.0706089033
0.0704775871
0.0703464448
0.0702154762
0.0700846814
0.0699540603
0.0698236129
0.0696933390
0.0695632385
0.0694333115
0.0693035579
0.0691739776
0.0690445705
0.0689153366
0.0687862758
0.0686573881
0.0685286733
0.0684001314
0.0682717624
0.0681435661
0.0680155425
0.0678876916
0.0677600132
0.0676325074
0.0675051739
0.0673780128
0.0672510240
0.0671242075
0.0669975630
0.0668710906
0.0667447903
0.0666186618
0.0664927052
0.0663669204
0.0662413073
0.0661158658
0.0659905959
0.0658654975
0.0657405705
0.0656158148
0.0654912303
0.0653668171
0.0652425749
0.0651185038
0.0649946037
0.0648708744
0.0647473159
0.0646239281
0.0645007109
0.0643776643
0.0642547882
0.0641320825
0.0640095471
0.0638871819
0.0637649869
0.0636429620
0.0635211071
0.0633994221
0.0632779069
0.0631565614
0.0630353857
0.0629143795
0.0627935428
0.0626728755
0.0625523775
0.0624320488
0.0623118892
0.0621918987
0.0620720772
0.0619524246
0.0618329408
0.0617136258
0.0615944794
0.0614755015
0.0613566921
0.0612380511
0.0611195783
0.0610012738
0.0608831374
0.0607651690
0.0606473685
0.0605297358
0.0604122710
0.0602949737
0.0601778441
0.0600608819
0.0599440871
0.0598274596
0.0597109993
0.0595947061
0.0594785799
0.0593626206
0.0592468282
0.0591312025
0.0590157434
0.0589004509
0.0587853248
0.0586703651
0.0585555716
0.0584409443
0.0583264831
0.0582121878
0.0580980584
0.0579840948
0.0578702969
0.0577566645
0.0576431976
0.0575298962
0.0574167599
0.0573037889
0.0571909830
0.0570783420
0.0569658660
0.0568535547
0.0567414081
0.0566294261
0.0565176086
0.0564059554
0.0562944666
0.0561831419
0.0560719813
0.0559609847
0.0558501519
0.0557394829
0.0556289776
0.0555186359
0.0554084576
0.0552984426
0.0551885909
0.0550789024
0.0549693769
0.0548600143
0.0547508145
0.0546417775
0.0545329031
0.0544241912
0.0543156417
0.0542072545
0.0540990295
0.0539909665
0.0538830655
0.0537753264
0.0536677491
0.0535603334
0.0534530793
0.0533459865
0.0532390551
0.0531322849
0.0530256758
0.0529192277
0.0528129405
0.0527068140
0.0526008482
0.0524950430
0.0523893982
0.0522839137
0.0521785894
0.0520734252
0.0519684210
0.0518635767
0.0517588921
0.0516543672
0.0515500018
0.0514457959
0.0513417492
0.0512378617
0.0511341333
0.0510305639
0.0509271533
0.0508239015
0.0507208083
0.0506178735
0.0505150972
0.0504124791
0.0503100192
0.0502077173
0.0501055733
0.0500035871
0.0499017587
0.0498000877
0.0496985743
0.0495972181
0.0494960192
0.0493949773
0.0492940925
0.0491933645
0.0490927932
0.0489923785
0.0488921204
0.0487920186
0.0486920730
0.0485922837
0.0484926503
0.0483931728
0.0482938511
0.0481946850
0.0480956745
0.0479968194
0.0478981195
0.0477995749
0.0477011853
0.0476029506
0.0475048706
0.0474069454
0.0473091747
0.0472115585
0.0471140965
0.0470167888
0.0469196351
0.0468226353
0.0467257893
0.0466290970
0.0465325583
0.0464361730
0.0463399410
0.0462438622
0.0461479364
0.0460521636
0.0459565436
0.0458610763
0.0457657615
0.0456705991
0.0455755891
0.0454807312
0.0453860253
0.0452914714
0.0451970693
0.0451028188
0.0450087199
0.0449147723
0.0448209761
0.0447273310
0.0446338369
0.0445404937
0.0444473012
0.0443542594
0.0442613681
0.0441686272
0.0440760365
0.0439835960
0.0438913054
0.0437991647
0.0437071737
0.0436153323
0.0435236403
0.0434320977
0.0433407043
0.0432494599
0.0431583645
0.0430674179
0.0429766200
0.0428859706
0.0427954696
0.0427051169
0.0426149123
0.0425248557
0.0424349471
0.0423451861
0.0422555728
0.0421661070
0.0420767885
0.0419876172
0.0418985930
0.0418097157
0.0417209853
0.0416324015
0.0415439642
0.0414556734
0.0413675288
0.0412795304
0.0411916780
0.0411039714
0.0410164106
0.0409289954
0.0408417256
0.0407546012
0.0406676219
0.0405807877
0.0404940984
0.0404075539
0.0403211541
0.0402348987
0.0401487877
0.0400628209
0.0399769983
0.0398913196
0.0398057847
0.0397203935
0.0396351458
0.0395500416
0.0394650806
0.0393802628
0.0392955879
0.0392110559
0.0391266666
0.0390424199
0.0389583157
0.0388743537
0.0387905339
0.0387068561
0.0386233203
0.0385399261
0.0384566736
0.0383735625
0.0382905927
0.0382077642
0.0381250767
0.0380425301
0.0379601242
0.0378778590
0.0377957343
0.0377137499
0.0376319057
0.0375502016
0.0374686374
0.0373872129
0.0373059282
0.0372247829
0.0371437770
0.0370629102
0.0369821826
0.0369015939
0.0368211440
0.0367408328
0.0366606600
0.0365806256
0.0365007295
0.0364209714
0.0363413512
0.0362618689
0.0361825242
0.0361033170
0.0360242472
0.0359453146
0.0358665191
0.0357878606
0.0357093388
0.0356309537
0.0355527051
0.0354745928
0.0353966168
0.0353187769
0.0352410729
0.0351635047
0.0350860721
0.0350087750
0.0349316133
0.0348545869
0.0347776954
0.0347009390
0.0346243172
0.0345478302
0.0344714776
0.0343952594
0.0343191753
0.0342432254
0.0341674093
0.0340917270
0.0340161784
0.0339407632
0.0338654813
0.0337903327
0.0337153170
0.0336404343
0.0335656843
0.0334910670
0.0334165821
0.0333422295
0.0332680090
0.0331939206
0.0331199641
0.0330461393
0.0329724461
0.0328988843
0.0328254538
0.0327521545
0.0326789861
0.0326059487
0.0325330419
0.0324602656
0.0323876198
0.0323151043
0.0322427189
0.0321704634
0.0320983378
0.0320263418
0.0319544754
0.0318827383
0.0318111305
0.0317396518
0.0316683021
0.0315970811
0.0315259888
0.0314550249
0.0313841895
0.0313134822
0.0312429030
0.0311724517
0.0311021281
0.0310319322
0.0309618638
0.0308919226
0.0308221086
0.0307524217
0.0306828616
0.0306134283
0.0305441215
0.0304749412
0.0304058871
0.0303369592
0.0302681573
0.0301994812
0.0301309308
0.0300625059
0.0299942065
0.0299260323
0.0298579831
0.0297900590
0.0297222596
0.0296545848
0.0295870346
0.0295196087
0.0294523071
0.0293851295
0.0293180758
0.0292511458
0.0291843395
0.0291176566
0.0290510970
0.0289846606
0.0289183472
0.0288521567
0.0287860889
0.0287201436
0.0286543208
0.0285886203
0.0285230418
0.0284575854
0.0283922507
0.0283270377
0.0282619463
0.0281969762
0.0281321274
0.0280673996
0.0280027927
0.0279383067
0.0278739412
0.0278096962
0.0277455716
0.0276815671
0.0276176827
0.0275539182
0.0274902734
0.0274267481
0.0273633423
0.0273000558
0.0272368884
0.0271738400
0.0271109104
0.0270480995
0.0269854072
0.0269228332
0.0268603775
0.0267980399
0.0267358202
0.0266737183
0.0266117340
0.0265498672
0.0264881178
0.0264264855
0.0263649703
0.0263035720
0.0262422904
0.0261811254
0.0261200768
0.0260591446
0.0259983285
0.0259376283
0.0258770441
0.0258165755
0.0257562224
0.0256959848
0.0256358624
0.0255758551
0.0255159627
0.0254561852
0.0253965223
0.0253369738
0.0252775398
0.0252182199
0.0251590141
0.0250999222
0.0250409440
0.0249820794
0.0249233283
0.0248646905
0.0248061659
0.0247477542
0.0246894554
0.0246312693
0.0245731958
0.0245152346
0.0244573857
0.0243996490
0.0243420242
0.0242845111
0.0242271098
0.0241698200
0.0241126415
0.0240555742
0.0239986180
0.0239417727
0.0238850382
0.0238284143
0.0237719008
0.0237154977
0.0236592047
0.0236030218
0.0235469487
0.0234909854
0.0234351316
0.0233793872
0.0233237521
0.0232682262
0.0232128092
0.0231575010
0.0231023015
0.0230472106
0.0229922280
0.0229373537
0.0228825874
0.0228279291
0.0227733785
0.0227189356
0.0226646002
0.0226103722
0.0225562513
0.0225022374
0.0224483305
0.0223945303
0.0223408367
0.0222872495
0.0222337687
0.0221803940
0.0221271253
0.0220739625
0.0220209054
0.0219679538
0.0219151076
0.0218623668
0.0218097310
0.0217572002
0.0217047742
0.0216524529
0.0216002361
0.0215481237
0.0214961155
0.0214442114
0.0213924113
0.0213407149
0.0212891222
0.0212376329
0.0211862470
0.0211349643
0.0210837847
0.0210327079
0.0209817339
0.0209308625
0.0208800936
0.0208294270
0.0207788625
0.0207284001
0.0206780395
0.0206277807
0.0205776235
0.0205275676
0.0204776131
0.0204277597
0.0203780073
0.0203283557
0.0202788049
0.0202293546
0.0201800047
0.0201307550
0.0200816055
0.0200325559
0.0199836062
0.0199347561
0.0198860056
0.0198373544
0.0197888025
0.0197403496
0.0196919957
0.0196437407
0.0195955842
0.0195475263
0.0194995667
0.0194517054
0.0194039421
0.0193562767
0.0193087092
0.0192612392
0.0192138668
0.0191665917
0.0191194138
0.0190723329
0.0190253490
0.0189784618
0.0189316712
0.0188849771
0.0188383794
0.0187918778
0.0187454723
0.0186991627
0.0186529488
0.0186068305
0.0185608077
0.0185148802
0.0184690479
0.0184233106
0.0183776683
0.0183321206
0.0182866676
0.0182413090
0.0181960447
0.0181508746
0.0181057985
0.0180608163
0.0180159278
0.0179711330
0.0179264315
0.0178818234
0.0178373085
0.0177928866
0.0177485575
0.0177043212
0.0176601775
0.0176161262
0.0175721673
0.0175283005
0.0174845257
0.0174408428
0.0173972517
0.0173537522
0.0173103441
0.0172670273
0.0172238017
0.0171806671
0.0171376234
0.0170946705
0.0170518081
0.0170090362
0.0169663547
0.0169237633
0.0168812619
0.0168388505
0.0167965288
0.0167542967
0.0167121541
0.0166701008
0.0166281368
0.0165862617
0.0165444756
0.0165027783
0.0164611695
0.0164196493
0.0163782174
0.0163368737
0.0162956181
0.0162544505
0.0162133706
0.0161723783
0.0161314736
0.0160906562
0.0160499261
0.0160092831
0.0159687270
0.0159282577
0.0158878751
0.0158475790
0.0158073693
0.0157672459
0.0157272086
0.0156872573
0.0156473918
0.0156076120
0.0155679178
0.0155283090
0.0154887855
0.0154493471
0.0154099938
0.0153707253
0.0153315416
0.0152924424
0.0152534277
0.0152144973
0.0151756512
0.0151368890
0.0150982108
0.0150596163
0.0150211055
0.0149826782
0.0149443342
0.0149060735
0.0148678958
0.0148298011
0.0147917892
0.0147538600
0.0147160134
0.0146782491
0.0146405671
0.0146029673
0.0145654494
0.0145280134
0.0144906592
0.0144533865
0.0144161953
0.0143790854
0.0143420567
0.0143051090
0.0142682422
0.0142314563
0.0141947510
0.0141581262
0.0141215817
0.0140851175
0.0140487334
0.0140124293
0.0139762051
0.0139400605
0.0139039955
0.0138680100
0.0138321037
0.0137962766
0.0137605286
0.0137248594
0.0136892691
0.0136537573
0.0136183241
0.0135829692
0.0135476926
0.0135124941
0.0134773735
0.0134423308
0.0134073658
0.0133724784
0.0133376684
0.0133029358
0.0132682803
0.0132337018
0.0131992003
0.0131647756
0.0131304275
0.0130961559
0.0130619607
0.0130278418
0.0129937990
0.0129598322
0.0129259413
0.0128921261
0.0128583865
0.0128247224
0.0127911336
0.0127576201
0.0127241816
0.0126908181
0.0126575294
0.0126243154
0.0125911759
0.0125581109
0.0125251202
0.0124922037
0.0124593612
0.0124265927
0.0123938979
0.0123612768
0.0123287292
0.0122962550
0.0122638541
0.0122315264
0.0121992716
0.0121670898
0.0121349807
0.0121029442
0.0120709803
0.0120390887
0.0120072694
0.0119755222
0.0119438469
0.0119122436
0.0118807120
0.0118492520
0.0118178635
0.0117865464
0.0117553005
0.0117241257
0.0116930219
0.0116619890
0.0116310267
0.0116001351
0.0115693140
0.0115385632
0.0115078826
0.0114772722
0.0114467317
0.0114162610
0.0113858601
0.0113555288
0.0113252670
0.0112950745
0.0112649512
0.0112348971
0.0112049119
0.0111749956
0.0111451480
0.0111153690
0.0110856585
0.0110560163
0.0110264424
0.0109969366
0.0109674988
0.0109381289
0.0109088266
0.0108795921
0.0108504250
0.0108213252
0.0107922928
0.0107633274
0.0107344291
0.0107055976
0.0106768329
0.0106481349
0.0106195033
0.0105909382
0.0105624393
0.0105340066
0.0105056399
0.0104773391
0.0104491041
0.0104209348
0.0103928310
0.0103647927
0.0103368197
0.0103089118
0.0102810690
0.0102532912
0.0102255782
0.0101979299
0.0101703461
0.0101428269
0.0101153720
0.0100879813
0.0100606547
0.0100333922
0.0100061934
0.0099790585
0.0099519872
0.0099249793
0.0098980349
0.0098711538
0.0098443358
0.0098175809
0.0097908889
0.0097642597
0.0097376931
0.0097111892
0.0096847477
0.0096583685
0.0096320516
0.0096057968
0.0095796039
0.0095534729
0.0095274037
0.0095013961
0.0094754500
0.0094495654
0.0094237420
0.0093979797
0.0093722786
0.0093466384
0.0093210590
0.0092955403
0.0092700822
0.0092446846
0.0092193473
0.0091940703
0.0091688535
0.0091436966
0.0091185997
0.0090935625
0.0090685850
0.0090436671
0.0090188086
0.0089940095
0.0089692696
0.0089445888
0.0089199670
0.0088954041
0.0088708999
0.0088464544
0.0088220674
0.0087977389
0.0087734687
0.0087492567
0.0087251028
0.0087010068
0.0086769688
0.0086529884
0.0086290658
0.0086052006
0.0085813929
0.0085576425
0.0085339493
0.0085103132
0.0084867341
0.0084632118
0.0084397463
0.0084163374
0.0083929851
0.0083696892
0.0083464496
0.0083232662
0.0083001389
0.0082770676
0.0082540521
0.0082310924
0.0082081884
0.0081853400
0.0081625469
0.0081398092
0.0081171268
0.0080944994
0.0080719271
0.0080494096
0.0080269469
0.0080045389
0.0079821855
0.0079598865
0.0079376419
0.0079154516
0.0078933154
0.0078712332
0.0078492049
0.0078272305
0.0078053098
0.0077834427
0.0077616291
0.0077398689
0.0077181619
0.0076965082
0.0076749075
0.0076533598
0.0076318650
0.0076104229
0.0075890335
0.0075676966
0.0075464122
0.0075251801
0.0075040003
0.0074828725
0.0074617968
0.0074407730
0.0074198011
0.0073988808
0.0073780121
0.0073571950
0.0073364292
0.0073157148
0.0072950515
0.0072744394
0.0072538782
0.0072333679
0.0072129083
0.0071924995
0.0071721412
0.0071518334
0.0071315760
0.0071113688
0.0070912118
0.0070711049
0.0070510479
0.0070310408
0.0070110834
0.0069911757
0.0069713176
0.0069515089
0.0069317496
0.0069120395
0.0068923786
0.0068727667
0.0068532038
0.0068336897
0.0068142244
0.0067948077
0.0067754396
0.0067561199
0.0067368486
0.0067176255
0.0066984506
0.0066793237
0.0066602448
0.0066412138
0.0066222305
0.0066032949
0.0065844068
0.0065655662
0.0065467729
0.0065280269
0.0065093281
0.0064906764
0.0064720716
0.0064535137
0.0064350026
0.0064165382
0.0063981203
0.0063797489
0.0063614240
0.0063431453
0.0063249128
0.0063067264
0.0062885860
0.0062704915
0.0062524429
0.0062344399
0.0062164826
0.0061985708
0.0061807044
0.0061628834
0.0061451076
0.0061273769
0.0061096913
0.0060920506
0.0060744548
0.0060569038
0.0060393974
0.0060219357
0.0060045184
0.0059871454
0.0059698168
0.0059525324
0.0059352921
0.0059180958
0.0059009435
0.0058838349
0.0058667701
0.0058497489
0.0058327713
0.0058158372
0.0057989464
0.0057820989
0.0057652946
0.0057485333
0.0057318151
0.0057151397
0.0056985072
0.0056819174
0.0056653702
0.0056488656
0.0056324034
0.0056159836
0.0055996060
0.0055832707
0.0055669774
0.0055507261
0.0055345167
0.0055183491
0.0055022233
0.0054861391
0.0054700964
0.0054540952
0.0054381354
0.0054222169
0.0054063395
0.0053905032
0.0053747080
0.0053589537
0.0053432402
0.0053275675
0.0053119354
0.0052963439
0.0052807928
0.0052652822
0.0052498119
0.0052343818
0.0052189918
0.0052036419
0.0051883319
0.0051730618
0.0051578315
0.0051426409
0.0051274899
0.0051123784
0.0050973064
0.0050822737
0.0050672803
0.0050523261
0.0050374109
0.0050225348
0.0050076976
0.0049928992
0.0049781396
0.0049634186
0.0049487363
0.0049340924
0.0049194869
0.0049049198
0.0048903909
0.0048759002
0.0048614476
0.0048470329
0.0048326562
0.0048183172
0.0048040161
0.0047897525
0.0047755266
0.0047613381
0.0047471871
0.0047330733
0.0047189969
0.0047049575
0.0046909553
0.0046769900
0.0046630617
0.0046491702
0.0046353154
0.0046214973
0.0046077158
0.0045939708
0.0045802622
0.0045665900
0.0045529540
0.0045393542
0.0045257904
0.0045122627
0.0044987710
0.0044853151
0.0044718950
0.0044585105
0.0044451617
0.0044318484
0.0044185706
0.0044053281
0.0043921210
0.0043789490
0.0043658122
0.0043527105
0.0043396437
0.0043266118
0.0043136148
0.0043006525
0.0042877248
0.0042748318
0.0042619732
0.0042491491
0.0042363593
0.0042236038
0.0042108825
0.0041981953
0.0041855422
0.0041729230
0.0041603377
0.0041477862
0.0041352684
0.0041227843
0.0041103338
0.0040979168
0.0040855332
0.0040731830
0.0040608660
0.0040485822
0.0040363315
0.0040241139
0.0040119293
0.0039997775
0.0039876586
0.0039755724
0.0039635189
0.0039514980
0.0039395096
0.0039275536
0.0039156300
0.0039037387
0.0038918797
0.0038800527
0.0038682579
0.0038564950
0.0038447641
0.0038330650
0.0038213977
0.0038097621
0.0037981581
0.0037865857
0.0037750448
0.0037635353
0.0037520571
0.0037406102
0.0037291945
0.0037178099
0.0037064563
0.0036951337
0.0036838421
0.0036725812
0.0036613511
0.0036501518
0.0036389830
0.0036278448
0.0036167370
0.0036056597
0.0035946127
0.0035835959
0.0035726094
0.0035616529
0.0035507266
0.0035398302
0.0035289637
0.0035181270
0.0035073201
0.0034965429
0.0034857954
0.0034750774
0.0034643889
0.0034537298
0.0034431001
0.0034324996
0.0034219284
0.0034113863
0.0034008733
0.0033903893
0.0033799342
0.0033695080
0.0033591106
0.0033487420
0.0033384020
0.0033280906
0.0033178077
0.0033075533
0.0032973273
0.0032871297
0.0032769603
0.0032668191
0.0032567060
0.0032466209
0.0032365639
0.0032265348
0.0032165336
0.0032065601
0.0031966144
0.0031866963
0.0031768059
0.0031669429
0.0031571075
0.0031472994
0.0031375186
0.0031277652
0.0031180389
0.0031083398
0.0030986677
0.0030890226
0.0030794045
0.0030698133
0.0030602489
0.0030507112
0.0030412002
0.0030317158
0.0030222580
0.0030128267
0.0030034218
0.0029940433
0.0029846911
0.0029753651
0.0029660653
0.0029567916
0.0029475439
0.0029383222
0.0029291265
0.0029199566
0.0029108125
0.0029016941
0.0028926014
0.0028835343
0.0028744928
0.0028654768
0.0028564861
0.0028475209
0.0028385809
0.0028296662
0.0028207766
0.0028119122
0.0028030728
0.0027942584
0.0027854690
0.0027767044
0.0027679646
0.0027592496
0.0027505592
0.0027418935
0.0027332524
0.0027246357
0.0027160436
0.0027074758
0.0026989323
0.0026904131
0.0026819181
0.0026734473
0.0026650005
0.0026565778
0.0026481790
0.0026398042
0.0026314532
0.0026231260
0.0026148226
0.0026065428
0.0025982866
0.0025900541
0.0025818450
0.0025736593
0.0025654971
0.0025573581
0.0025492425
0.0025411500
0.0025330807
0.0025250345
0.0025170114
0.0025090112
0.0025010340
0.0024930796
0.0024851481
0.0024772393
0.0024693532
0.0024614897
0.0024536489
0.0024458305
0.0024380347
0.0024302612
0.0024225101
0.0024147814
0.0024070748
0.0023993905
0.0023917283
0.0023840882
0.0023764701
0.0023688740
0.0023612998
0.0023537475
0.0023462170
0.0023387082
0.0023312212
0.0023237558
0.0023163120
0.0023088897
0.0023014889
0.0022941095
0.0022867515
0.0022794148
0.0022720994
0.0022648052
0.0022575321
0.0022502802
0.0022430493
0.0022358394
0.0022286505
0.0022214825
0.0022143353
0.0022072088
0.0022001032
0.0021930182
0.0021859538
0.0021789100
0.0021718867
0.0021648839
0.0021579016
0.0021509395
0.0021439979
0.0021370764
0.0021301752
0.0021232942
0.0021164333
0.0021095924
0.0021027715
0.0020959706
0.0020891896
0.0020824285
0.0020756871
0.0020689655
0.0020622637
0.0020555814
0.0020489188
0.0020422757
0.0020356522
0.0020290481
0.0020224633
0.0020158980
0.0020093519
0.0020028251
0.0019963175
0.0019898291
0.0019833597
0.0019769095
0.0019704782
0.0019640659
0.0019576725
0.0019512979
0.0019449422
0.0019386052
0.0019322869
0.0019259874
0.0019197064
0.0019134440
0.0019072001
0.0019009747
0.0018947677
0.0018885791
0.0018824088
0.0018762568
0.0018701231
0.0018640075
0.0018579101
0.0018518308
0.0018457695
0.0018397262
0.0018337008
0.0018276934
0.0018217039
0.0018157321
0.0018097781
0.0018038418
0.0017979232
0.0017920223
0.0017861389
0.0017802730
0.0017744247
0.0017685938
0.0017627802
0.0017569841
0.0017512052
0.0017454436
0.0017396992
0.0017339720
0.0017282619
0.0017225689
0.0017168930
0.0017112340
0.0017055920
0.0016999668
0.0016943586
0.0016887671
0.0016831924
0.0016776345
0.0016720932
0.0016665685
0.0016610605
0.0016555690
0.0016500940
0.0016446354
0.0016391933
0.0016337676
0.0016283582
0.0016229650
0.0016175882
0.0016122275
0.0016068829
0.0016015545
0.0015962422
0.0015909459
0.0015856656
0.0015804012
0.0015751527
0.0015699201
0.0015647033
0.0015595023
0.0015543170
0.0015491474
0.0015439935
0.0015388552
0.0015337324
0.0015286252
0.0015235334
0.0015184571
0.0015133962
0.0015083506
0.0015033204
0.0014983054
0.0014933057
0.0014883212
0.0014833518
0.0014783975
0.0014734583
0.0014685342
0.0014636250
0.0014587308
0.0014538515
0.0014489871
0.0014441375
0.0014393027
0.0014344826
0.0014296773
0.0014248866
0.0014201106
0.0014153491
0.0014106023
0.0014058699
0.0014011520
0.0013964485
0.0013917595
0.0013870848
0.0013824244
0.0013777783
0.0013731464
0.0013685287
0.0013639252
0.0013593359
0.0013547606
0.0013501993
0.0013456521
0.0013411189
0.0013365996
0.0013320941
0.0013276026
0.0013231248
0.0013186609
0.0013142107
0.0013097742
0.0013053514
0.0013009422
0.0012965466
0.0012921645
0.0012877960
0.0012834410
0.0012790994
0.0012747712
0.0012704565
0.0012661550
0.0012618668
0.0012575920
0.0012533303
0.0012490818
0.0012448465
0.0012406243
0.0012364152
0.0012322192
0.0012280361
0.0012238661
0.0012197089
0.0012155647
0.0012114334
0.0012073148
0.0012032091
0.0011991162
0.0011950359
0.0011909684
0.0011869135
0.0011828713
0.0011788416
0.0011748245
0.0011708199
0.0011668278
0.0011628481
0.0011588808
0.0011549260
0.0011509834
0.0011470532
0.0011431353
0.0011392296
0.0011353361
0.0011314548
0.0011275856
0.0011237286
0.0011198836
0.0011160506
0.0011122297
0.0011084207
0.0011046237
0.0011008386
0.0010970653
0.0010933039
0.0010895543
0.0010858165
0.0010820904
0.0010783760
0.0010746733
0.0010709823
0.0010673028
0.0010636350
0.0010599786
0.0010563338
0.0010527005
0.0010490786
0.0010454681
0.0010418690
0.0010382813
0.0010347049
0.0010311398
0.0010275859
0.0010240432
0.0010205118
0.0010169915
0.0010134823
0.0010099843
0.0010064973
0.0010030213
0.0009995563
0.0009961024
0.0009926593
0.0009892272
0.0009858059
0.0009823955
0.0009789960
0.0009756072
0.0009722291
0.0009688618
0.0009655052
0.0009621593
0.0009588240
0.0009554993
0.0009521852
0.0009488816
0.0009455885
0.0009423060
0.0009390338
0.0009357722
0.0009325209
0.0009292799
0.0009260493
0.0009228291
0.0009196191
0.0009164193
0.0009132298
0.0009100504
0.0009068813
0.0009037222
0.0009005733
0.0008974344
0.0008943056
0.0008911868
0.0008880780
0.0008849791
0.0008818902
0.0008788111
0.0008757420
0.0008726827
0.0008696332
0.0008665935
0.0008635636
0.0008605434
0.0008575329
0.0008545321
0.0008515409
0.0008485593
0.0008455874
0.0008426250
0.0008396722
0.0008367288
0.0008337950
0.0008308706
0.0008279556
0.0008250500
0.0008221538
0.0008192670
0.0008163895
0.0008135212
0.0008106623
0.0008078125
0.0008049720
0.0008021407
0.0007993185
0.0007965055
0.0007937016
0.0007909067
0.0007881209
0.0007853441
0.0007825764
0.0007798176
0.0007770677
0.0007743268
0.0007715948
0.0007688716
0.0007661573
0.0007634518
0.0007607551
0.0007580672
0.0007553880
0.0007527175
0.0007500557
0.0007474026
0.0007447581
0.0007421223
0.0007394950
0.0007368763
0.0007342661
0.0007316645
0.0007290713
0.0007264866
0.0007239103
0.0007213425
0.0007187830
0.0007162319
0.0007136892
0.0007111547
0.0007086286
0.0007061107
0.0007036011
0.0007010996
0.0006986064
0.0006961214
0.0006936445
0.0006911757
0.0006887150
0.0006862624
0.0006838178
0.0006813813
0.0006789527
0.0006765322
0.0006741196
0.0006717149
0.0006693182
0.0006669293
0.0006645483
0.0006621751
0.0006598097
0.0006574522
0.0006551024
0.0006527603
0.0006504260
0.0006480994
0.0006457804
0.0006434691
0.0006411654
0.0006388694
0.0006365809
0.0006343000
0.0006320266
0.0006297608
0.0006275024
0.0006252515
0.0006230081
0.0006207721
0.0006185435
0.0006163223
0.0006141084
0.0006119019
0.0006097027
0.0006075108
0.0006053262
0.0006031489
0.0006009787
0.0005988158
0.0005966601
0.0005945115
0.0005923701
0.0005902357
0.0005881085
0.0005859884
0.0005838754
0.0005817693
0.0005796703
0.0005775783
0.0005754933
0.0005734152
0.0005713440
0.0005692798
0.0005672224
0.0005651720
0.0005631283
0.0005610915
0.0005590615
0.0005570383
0.0005550219
0.0005530122
0.0005510092
0.0005490129
0.0005470234
0.0005450405
0.0005430642
0.0005410945
0.0005391315
0.0005371751
0.0005352252
0.0005332818
0.0005313450
0.0005294147
0.0005274909
0.0005255735
0.0005236626
0.0005217581
0.0005198600
0.0005179683
0.0005160830
0.0005142040
0.0005123313
0.0005104650
0.0005086049
0.0005067511
0.0005049036
0.0005030623
0.0005012272
0.0004993983
0.0004975756
0.0004957591
0.0004939486
0.0004921443
0.0004903461
0.0004885540
0.0004867680
0.0004849879
0.0004832140
0.0004814460
0.0004796840
0.0004779280
0.0004761779
0.0004744338
0.0004726956
0.0004709632
0.0004692368
0.0004675162
0.0004658015
0.0004640926
0.0004623895
0.0004606921
0.0004590006
0.0004573148
0.0004556348
0.0004539604
0.0004522918
0.0004506288
0.0004489716
0.0004473199
0.0004456739
0.0004440335
0.0004423987
0.0004407695
0.0004391458
0.0004375277
0.0004359151
0.0004343080
0.0004327064
0.0004311103
0.0004295197
0.0004279344
0.0004263547
0.0004247803
0.0004232113
0.0004216477
0.0004200894
0.0004185365
0.0004169889
0.0004154466
0.0004139096
0.0004123778
0.0004108514
0.0004093301
0.0004078141
0.0004063033
0.0004047977
0.0004032973
0.0004018020
0.0004003119
0.0003988269
0.0003973470
0.0003958722
0.0003944025
0.0003929379
0.0003914783
0.0003900237
0.0003885742
0.0003871296
0.0003856900
0.0003842554
0.0003828258
0.0003814011
0.0003799813
0.0003785664
0.0003771564
0.0003757513
0.0003743511
0.0003729557
0.0003715651
0.0003701793
0.0003687984
0.0003674222
0.0003660508
0.0003646841
0.0003633222
0.0003619650
0.0003606125
0.0003592647
0.0003579216
0.0003565832
0.0003552494
0.0003539202
0.0003525957
0.0003512757
0.0003499604
0.0003486496
0.0003473434
0.0003460418
0.0003447447
0.0003434521
0.0003421640
0.0003408803
0.0003396012
0.0003383265
0.0003370563
0.0003357905
0.0003345292
0.0003332722
0.0003320196
0.0003307714
0.0003295276
0.0003282881
0.0003270529
0.0003258221
0.0003245956
0.0003233733
0.0003221554
0.0003209417
0.0003197323
0.0003185271
0.0003173261
0.0003161294
0.0003149368
0.0003137484
0.0003125642
0.0003113842
0.0003102083
0.0003090365
0.0003078689
0.0003067054
0.0003055459
0.0003043905
0.0003032392
0.0003020920
0.0003009488
0.0002998096
0.0002986744
0.0002975432
0.0002964160
0.0002952928
0.0002941736
0.0002930583
0.0002919469
0.0002908395
0.0002897360
0.0002886363
0.0002875406
0.0002864487
0.0002853607
0.0002842765
0.0002831962
0.0002821197
0.0002810470
0.0002799781
0.0002789130
0.0002778517
0.0002767941
0.0002757403
0.0002746902
0.0002736439
0.0002726012
0.0002715623
0.0002705270
0.0002694955
0.0002684675
0.0002674433
0.0002664227
0.0002654057
0.0002643923
0.0002633825
0.0002623764
0.0002613738
0.0002603748
0.0002593793
0.0002583874
0.0002573990
0.0002564142
0.0002554328
0.0002544550
0.0002534807
0.0002525098
0.0002515424
0.0002505784
0.0002496179
0.0002486609
0.0002477072
0.0002467570
0.0002458102
0.0002448667
0.0002439266
0.0002429899
0.0002420566
0.0002411266
0.0002401999
0.0002392766
0.0002383565
0.0002374398
0.0002365263
0.0002356162
0.0002347093
0.0002338056
0.0002329052
0.0002320080
0.0002311141
0.0002302234
0.0002293359
0.0002284515
0.0002275704
0.0002266924
0.0002258176
0.0002249459
0.0002240774
0.0002232120
0.0002223497
0.0002214906
0.0002206345
0.0002197815
0.0002189316
0.0002180848
0.0002172410
0.0002164003
0.0002155626
0.0002147280
0.0002138963
0.0002130677
0.0002122421
0.0002114194
0.0002105998
0.0002097831
0.0002089693
0.0002081585
0.0002073507
0.0002065458
0.0002057438
0.0002049447
0.0002041485
0.0002033552
0.0002025647
0.0002017772
0.0002009925
0.0002002106
0.0001994316
0.0001986555
0.0001978821
0.0001971116
0.0001963439
0.0001955789
0.0001948168
0.0001940574
0.0001933008
0.0001925470
0.0001917958
0.0001910475
0.0001903019
0.0001895589
0.0001888187
0.0001880812
0.0001873464
0.0001866143
0.0001858849
0.0001851581
0.0001844340
0.0001837125
0.0001829937
0.0001822775
0.0001815639
0.0001808529
0.0001801445
0.0001794388
0.0001787356
0.0001780350
0.0001773369
0.0001766415
0.0001759485
0.0001752581
0.0001745703
0.0001738850
0.0001732022
0.0001725219
0.0001718441
0.0001711688
0.0001704959
0.0001698256
0.0001691577
0.0001684923
0.0001678293
0.0001671688
0.0001665107
0.0001658550
0.0001652018
0.0001645509
0.0001639025
0.0001632564
0.0001626127
0.0001619714
0.0001613325
0.0001606959
0.0001600617
0.0001594299
0.0001588003
0.0001581731
0.0001575482
0.0001569256
0.0001563054
0.0001556874
0.0001550717
0.0001544583
0.0001538471
0.0001532383
0.0001526317
0.0001520273
0.0001514252
0.0001508253
0.0001502276
0.0001496322
0.0001490389
0.0001484479
0.0001478591
0.0001472724
0.0001466879
0.0001461057
0.0001455255
0.0001449476
0.0001443717
0.0001437981
0.0001432265
0.0001426571
0.0001420898
0.0001415247
0.0001409616
0.0001404006
0.0001398418
0.0001392850
0.0001387303
0.0001381776
0.0001376271
0.0001370785
0.0001365321
0.0001359876
0.0001354453
0.0001349049
0.0001343666
0.0001338302
0.0001332959
0.0001327636
0.0001322333
0.0001317049
0.0001311786
0.0001306542
0.0001301318
0.0001296113
0.0001290928
0.0001285762
0.0001280616
0.0001275489
0.0001270382
0.0001265293
0.0001260224
0.0001255174
0.0001250142
0.0001245130
0.0001240136
0.0001235162
0.0001230206
0.0001225268
0.0001220350
0.0001215449
0.0001210568
0.0001205704
0.0001200859
0.0001196033
0.0001191224
0.0001186434
0.0001181661
0.0001176907
0.0001172171
0.0001167452
0.0001162752
0.0001158069
0.0001153404
0.0001148756
0.0001144126
0.0001139514
0.0001134919
0.0001130342
0.0001125781
0.0001121238
0.0001116713
0.0001112204
0.0001107713
0.0001103238
0.0001098781
0.0001094340
0.0001089917
0.0001085510
0.0001081120
0.0001076746
0.0001072390
0.0001068049
0.0001063725
0.0001059418
0.0001055127
0.0001050853
0.0001046594
0.0001042352
0.0001038126
0.0001033916
0.0001029722
0.0001025545
0.0001021383
0.0001017237
0.0001013106
0.0001008992
0.0001004893
0.0001000810
0.0000996743
0.0000992691
0.0000988654
0.0000984633
0.0000980627
0.0000976637
0.0000972662
0.0000968702
0.0000964757
0.0000960828
0.0000956913
0.0000953014
0.0000949129
0.0000945259
0.0000941404
0.0000937564
0.0000933739
0.0000929928
0.0000926132
0.0000922350
0.0000918583
0.0000914831
0.0000911093
0.0000907369
0.0000903659
0.0000899964
0.0000896283
0.0000892617
0.0000888964
0.0000885325
0.0000881701
0.0000878090
0.0000874493
0.0000870910
0.0000867341
0.0000863786
0.0000860244
0.0000856717
0.0000853202
0.0000849702
0.0000846214
0.0000842741
0.0000839280
0.0000835833
0.0000832400
0.0000828979
0.0000825572
0.0000822178
0.0000818797
0.0000815430
0.0000812075
0.0000808733
0.0000805404
0.0000802089
0.0000798786
0.0000795495
0.0000792218
0.0000788953
0.0000785701
0.0000782462
0.0000779235
0.0000776021
0.0000772819
0.0000769629
0.0000766452
0.0000763288
0.0000760135
0.0000756995
0.0000753867
0.0000750752
0.0000747648
0.0000744557
0.0000741477
0.0000738410
0.0000735354
0.0000732311
0.0000729279
0.0000726259
0.0000723251
0.0000720255
0.0000717270
0.0000714297
0.0000711336
0.0000708386
0.0000705448
0.0000702521
0.0000699606
0.0000696702
0.0000693809
0.0000690928
0.0000688058
0.0000685199
0.0000682351
0.0000679515
0.0000676690
0.0000673875
0.0000671072
0.0000668280
0.0000665499
0.0000662728
0.0000659969
0.0000657220
0.0000654482
0.0000651755
0.0000649039
0.0000646333
0.0000643638
0.0000640954
0.0000638280
0.0000635616
0.0000632963
0.0000630321
0.0000627689
0.0000625067
0.0000622456
0.0000619855
0.0000617264
0.0000614683
0.0000612113
0.0000609553
0.0000607002
0.0000604462
0.0000601932
0.0000599412
0.0000596902
0.0000594402
0.0000591911
0.0000589431
0.0000586960
0.0000584499
0.0000582048
0.0000579606
0.0000577174
0.0000574752
0.0000572340
0.0000569937
0.0000567543
0.0000565159
0.0000562784
0.0000560419
0.0000558063
0.0000555717
0.0000553380
0.0000551052
0.0000548733
0.0000546424
0.0000544124
0.0000541833
0.0000539551
0.0000537278
0.0000535014
0.0000532759
0.0000530513
0.0000528276
0.0000526048
0.0000523829
0.0000521619
0.0000519417
0.0000517224
0.0000515040
0.0000512865
0.0000510698
0.0000508540
0.0000506391
0.0000504250
0.0000502118
0.0000499994
0.0000497879
0.0000495772
0.0000493674
0.0000491584
0.0000489502
0.0000487429
0.0000485364
0.0000483307
0.0000481259
0.0000479218
0.0000477186
0.0000475162
0.0000473147
0.0000471139
0.0000469139
0.0000467147
0.0000465164
0.0000463188
0.0000461220
0.0000459260
0.0000457308
0.0000455364
0.0000453427
0.0000451499
0.0000449578
0.0000447665
0.0000445759
0.0000443862
0.0000441971
0.0000440089
0.0000438214
0.0000436346
0.0000434487
0.0000432634
0.0000430789
0.0000428952
0.0000427122
0.0000425299
0.0000423484
0.0000421676
0.0000419875
0.0000418082
0.0000416295
0.0000414516
0.0000412745
0.0000410980
0.0000409223
0.0000407472
0.0000405729
0.0000403993
0.0000402263
0.0000400541
0.0000398826
0.0000397118
0.0000395416
0.0000393722
0.0000392034
0.0000390353
0.0000388680
0.0000387012
0.0000385352
0.0000383698
0.0000382051
0.0000380411
0.0000378778
0.0000377151
0.0000375530
0.0000373917
0.0000372309
0.0000370709
0.0000369115
0.0000367527
0.0000365946
0.0000364371
0.0000362803
0.0000361241
0.0000359685
0.0000358136
0.0000356593
0.0000355056
0.0000353526
0.0000352002
0.0000350484
0.0000348972
0.0000347467
0.0000345967
0.0000344474
0.0000342987
0.0000341506
0.0000340031
0.0000338562
0.0000337099
0.0000335642
0.0000334191
0.0000332746
0.0000331307
0.0000329873
0.0000328446
0.0000327025
0.0000325609
0.0000324199
0.0000322795
0.0000321396
0.0000320004
0.0000318617
0.0000317236
0.0000315860
0.0000314490
0.0000313126
0.0000311767
0.0000310414
0.0000309067
0.0000307725
0.0000306388
0.0000305057
0.0000303732
0.0000302412
0.0000301097
0.0000299788
0.0000298484
0.0000297186
0.0000295893
0.0000294605
0.0000293322
0.0000292045
0.0000290774
0.0000289507
0.0000288246
0.0000286989
0.0000285738
0.0000284493
0.0000283252
0.0000282016
0.0000280786
0.0000279561
0.0000278340
0.0000277125
0.0000275915
0.0000274710
0.0000273510
0.0000272314
0.0000271124
0.0000269939
0.0000268758
0.0000267583
0.0000266412
0.0000265246
0.0000264085
0.0000262929
0.0000261778
0.0000260631
0.0000259490
0.0000258353
0.0000257220
0.0000256093
0.0000254970
0.0000253851
0.0000252738
0.0000251629
0.0000250524
0.0000249425
0.0000248330
0.0000247239
0.0000246153
0.0000245071
0.0000243994
0.0000242922
0.0000241854
0.0000240790
0.0000239731
0.0000238676
0.0000237626
0.0000236580
0.0000235538
0.0000234501
0.0000233468
0.0000232439
0.0000231415
0.0000230395
0.0000229379
0.0000228368
0.0000227360
0.0000226357
0.0000225359
0.0000224364
0.0000223373
0.0000222387
0.0000221405
0.0000220427
0.0000219453
0.0000218483
0.0000217517
0.0000216555
0.0000215597
0.0000214644
0.0000213694
0.0000212748
0.0000211806
0.0000210869
0.0000209935
0.0000209005
0.0000208079
0.0000207157
0.0000206238
0.0000205324
0.0000204413
0.0000203507
0.0000202604
0.0000201705
0.0000200809
0.0000199918
0.0000199030
0.0000198146
0.0000197266
0.0000196389
0.0000195516
0.0000194647
0.0000193782
0.0000192920
0.0000192062
0.0000191207
0.0000190356
0.0000189509
0.0000188665
0.0000187825
0.0000186988
0.0000186155
0.0000185325
0.0000184499
0.0000183677
0.0000182857
0.0000182042
0.0000181230
0.0000180421
0.0000179616
0.0000178814
0.0000178015
0.0000177220
0.0000176428
0.0000175640
0.0000174855
0.0000174073
0.0000173295
0.0000172520
0.0000171748
0.0000170980
0.0000170214
0.0000169452
0.0000168694
0.0000167938
0.0000167186
0.0000166437
0.0000165691
0.0000164948
0.0000164209
0.0000163472
0.0000162739
0.0000162009
0.0000161282
0.0000160558
0.0000159837
0.0000159120
0.0000158405
0.0000157693
0.0000156985
0.0000156279
0.0000155577
0.0000154877
0.0000154181
0.0000153487
0.0000152797
0.0000152109
0.0000151424
0.0000150742
0.0000150064
0.0000149388
0.0000148715
0.0000148044
0.0000147377
0.0000146713
0.0000146051
0.0000145392
0.0000144737
0.0000144083
0.0000143433
0.0000142786
0.0000142141
0.0000141499
0.0000140860
0.0000140223
0.0000139590
0.0000138959
0.0000138330
0.0000137705
0.0000137082
0.0000136462
0.0000135844
0.0000135229
0.0000134617
0.0000134008
0.0000133401
0.0000132796
0.0000132195
0.0000131595
0.0000130999
0.0000130405
0.0000129814
0.0000129225
0.0000128638
0.0000128055
0.0000127473
0.0000126895
0.0000126318
0.0000125745
0.0000125173
0.0000124604
0.0000124038
0.0000123474
0.0000122913
0.0000122354
0.0000121797
0.0000121243
0.0000120691
0.0000120142
0.0000119595
0.0000119050
0.0000118508
0.0000117968
0.0000117430
0.0000116895
0.0000116362
0.0000115832
0.0000115303
0.0000114777
0.0000114253
0.0000113732
0.0000113213
0.0000112696
0.0000112181
0.0000111669
0.0000111159
0.0000110651
0.0000110145
0.0000109641
0.0000109140
0.0000108641
0.0000108144
0.0000107649
0.0000107156
0.0000106665
0.0000106177
0.0000105691
0.0000105207
0.0000104724
0.0000104245
0.0000103767
0.0000103291
0.0000102817
0.0000102346
0.0000101876
0.0000101409
0.0000100943
0.0000100480
0.0000100018
0.0000099559
0.0000099102
0.0000098646
0.0000098193
0.0000097741
0.0000097292
0.0000096845
0.0000096399
0.0000095956
0.0000095514
0.0000095074
0.0000094637
0.0000094201
0.0000093767
0.0000093335
0.0000092905
0.0000092477
0.0000092050
0.0000091626
0.0000091203
0.0000090783
0.0000090364
0.0000089947
0.0000089532
0.0000089118
0.0000088707
0.0000088297
0.0000087889
0.0000087483
0.0000087079
0.0000086676
0.0000086275
0.0000085876
0.0000085479
0.0000085084
0.0000084690
0.0000084298
0.0000083908
0.0000083519
0.0000083132
0.0000082747
0.0000082364
0.0000081982
0.0000081602
0.0000081224
0.0000080847
0.0000080472
0.0000080098
0.0000079727
0.0000079357
0.0000078988
0.0000078621
0.0000078256
0.0000077893
0.0000077531
0.0000077170
0.0000076812
0.0000076455
0.0000076099
0.0000075745
0.0000075393
0.0000075042
0.0000074692
0.0000074345
0.0000073999
0.0000073654
0.0000073311
0.0000072969
0.0000072629
0.0000072290
0.0000071953
0.0000071618
0.0000071284
0.0000070951
0.0000070620
0.0000070290
0.0000069962
0.0000069636
0.0000069310
0.0000068987
0.0000068664
0.0000068343
0.0000068024
0.0000067706
0.0000067389
0.0000067074
0.0000066760
0.0000066448
0.0000066137
0.0000065827
0.0000065519
0.0000065212
0.0000064907
0.0000064602
0.0000064300
0.0000063998
0.0000063698
0.0000063400
0.0000063102
0.0000062806
0.0000062511
0.0000062218
0.0000061926
0.0000061635
0.0000061346
0.0000061058
0.0000060771
0.0000060485
0.0000060201
0.0000059918
0.0000059636
0.0000059355
0.0000059076
0.0000058798
0.0000058522
0.0000058246
0.0000057972
0.0000057699
0.0000057427
0.0000057156
0.0000056887
0.0000056619
0.0000056352
0.0000056086
0.0000055822
0.0000055559
0.0000055296
0.0000055035
0.0000054776
0.0000054517
0.0000054260
0.0000054003
0.0000053748
0.0000053494
0.0000053241
0.0000052990
0.0000052739
0.0000052490
0.0000052241
0.0000051994
0.0000051748
0.0000051503
0.0000051259
0.0000051017
0.0000050775
0.0000050535
0.0000050295
0.0000050057
0.0000049819
0.0000049583
0.0000049348
0.0000049114
0.0000048881
0.0000048649
0.0000048418
0.0000048188
0.0000047960
0.0000047732
0.0000047505
0.0000047279
0.0000047055
0.0000046831
0.0000046608
0.0000046387
0.0000046166
0.0000045946
0.0000045728
0.0000045510
0.0000045294
0.0000045078
0.0000044863
0.0000044650
0.0000044437
0.0000044225
0.0000044014
0.0000043805
0.0000043596
0.0000043388
0.0000043181
0.0000042975
0.0000042770
0.0000042566
0.0000042362
0.0000042160
0.0000041959
0.0000041758
0.0000041559
0.0000041360
0.0000041162
0.0000040966
0.0000040770
0.0000040575
0.0000040381
0.0000040187
0.0000039995
0.0000039804
0.0000039613
0.0000039423
0.0000039234
0.0000039046
0.0000038859
0.0000038673
0.0000038488
0.0000038303
0.0000038119
0.0000037937
0.0000037755
0.0000037573
0.0000037393
0.0000037214
0.0000037035
0.0000036857
0.0000036680
0.0000036504
0.0000036328
0.0000036154
0.0000035980
0.0000035807
0.0000035635
0.0000035463
0.0000035292
0.0000035123
0.0000034954
0.0000034785
0.0000034618
0.0000034451
0.0000034285
0.0000034120
0.0000033955
0.0000033792
0.0000033629
0.0000033466
0.0000033305
0.0000033144
0.0000032984
0.0000032825
0.0000032667
0.0000032509
0.0000032352
0.0000032196
0.0000032040
0.0000031885
0.0000031731
0.0000031578
0.0000031425
0.0000031273
0.0000031122
0.0000030971
0.0000030821
0.0000030672
0.0000030524
0.0000030376
0.0000030229
0.0000030082
0.0000029936
0.0000029791
0.0000029647
0.0000029503
0.0000029360
0.0000029218
0.0000029076
0.0000028935
0.0000028794
0.0000028655
0.0000028515
0.0000028377
0.0000028239
0.0000028102
0.0000027965
0.0000027829
0.0000027694
0.0000027559
0.0000027425
0.0000027292
0.0000027159
0.0000027027
0.0000026895
0.0000026765
0.0000026634
0.0000026504
0.0000026375
0.0000026247
0.0000026119
0.0000025992
0.0000025865
0.0000025739
0.0000025613
0.0000025488
0.0000025364
0.0000025240
0.0000025117
0.0000024994
0.0000024872
0.0000024751
0.0000024630
0.0000024509
0.0000024390
0.0000024270
0.0000024152
0.0000024034
0.0000023916
0.0000023799
0.0000023683
0.0000023567
0.0000023451
0.0000023336
0.0000023222
0.0000023108
0.0000022995
0.0000022883
0.0000022770
0.0000022659
0.0000022548
0.0000022437
0.0000022327
0.0000022217
0.0000022108
0.0000022000
0.0000021892
0.0000021784
0.0000021677
0.0000021571
0.0000021465
0.0000021359
0.0000021254
0.0000021150
0.0000021046
0.0000020942
0.0000020839
0.0000020737
0.0000020635
0.0000020533
0.0000020432
0.0000020332
0.0000020231
0.0000020132
0.0000020033
0.0000019934
0.0000019836
0.0000019738
0.0000019640
0.0000019544
0.0000019447
0.0000019351
0.0000019256
0.0000019161
0.0000019066
0.0000018972
0.0000018878
0.0000018785
0.0000018692
0.0000018600
0.0000018508
0.0000018416
0.0000018325
0.0000018235
0.0000018144
0.0000018055
0.0000017965
0.0000017876
0.0000017788
0.0000017700
0.0000017612
0.0000017525
0.0000017438
0.0000017351
0.0000017265
0.0000017180
0.0000017095
0.0000017010
0.0000016925
0.0000016841
0.0000016758
0.0000016675
0.0000016592
0.0000016510
0.0000016428
0.0000016346
0.0000016265
0.0000016184
0.0000016103
0.0000016023
0.0000015944
0.0000015864
0.0000015785
0.0000015707
0.0000015629
0.0000015551
0.0000015473
0.0000015396
0.0000015320
0.0000015243
0.0000015167
0.0000015092
0.0000015017
0.0000014942
0.0000014867
0.0000014793
0.0000014719
0.0000014646
0.0000014573
0.0000014500
0.0000014428
0.0000014355
0.0000014284
0.0000014212
0.0000014141
0.0000014071
0.0000014000
0.0000013930
0.0000013861
0.0000013791
0.0000013722
0.0000013654
0.0000013585
0.0000013517
0.0000013450
0.0000013382
0.0000013315
0.0000013249
0.0000013182
0.0000013116
0.0000013050
0.0000012985
0.0000012920
0.0000012855
0.0000012791
0.0000012726
0.0000012663
0.0000012599
0.0000012536
0.0000012473
0.0000012410
0.0000012348
0.0000012286
0.0000012224
0.0000012162
0.0000012101
0.0000012040
0.0000011980
0.0000011920
0.0000011860
0.0000011800
0.0000011741
0.0000011681
0.0000011623
0.0000011564
0.0000011506
0.0000011448
0.0000011390
0.0000011333
0.0000011276
0.0000011219
0.0000011162
0.0000011106
0.0000011050
0.0000010994
0.0000010939
0.0000010883
0.0000010828
0.0000010774
0.0000010719
0.0000010665
0.0000010611
0.0000010558
0.0000010504
0.0000010451
0.0000010398
0.0000010346
0.0000010293
0.0000010241
0.0000010189
0.0000010138
0.0000010086
0.0000010035
0.0000009985
0.0000009934
0.0000009884
0.0000009834
0.0000009784
0.0000009734
0.0000009685
0.0000009636
0.0000009587
0.0000009538
0.0000009490
0.0000009441
0.0000009393
0.0000009346
0.0000009298
0.0000009251
0.0000009204
0.0000009157
0.0000009111
0.0000009064
0.0000009018
0.0000008972
0.0000008927
0.0000008881
0.0000008836
0.0000008791
0.0000008746
0.0000008702
0.0000008658
0.0000008613
0.0000008570
0.0000008526
0.0000008482
0.0000008439
0.0000008396
0.0000008353
0.0000008311
0.0000008268
0.0000008226
0.0000008184
0.0000008142
0.0000008101
0.0000008059
0.0000008018
0.0000007977
0.0000007936
0.0000007896
0.0000007856
0.0000007815
0.0000007775
0.0000007736
0.0000007696
0.0000007657
0.0000007617
0.0000007578
0.0000007540
0.0000007501
0.0000007463
0.0000007424
0.0000007386
0.0000007349
0.0000007311
0.0000007273
0.0000007236
0.0000007199
0.0000007162
0.0000007125
0.0000007089
0.0000007052
0.0000007016
0.0000006980
0.0000006944
0.0000006909
0.0000006873
0.0000006838
0.0000006803
0.0000006768
0.0000006733
0.0000006698
0.0000006664
0.0000006629
0.0000006595
0.0000006561
0.0000006528
0.0000006494
0.0000006461
0.0000006427
0.0000006394
0.0000006361
0.0000006328
0.0000006296
0.0000006263
0.0000006231
0.0000006199
0.0000006167
0.0000006135
0.0000006103
0.0000006072
0.0000006041
0.0000006009
0.0000005978
0.0000005947
0.0000005917
0.0000005886
0.0000005856
0.0000005825
0.0000005795
0.0000005765
0.0000005735
0.0000005706
0.0000005676
0.0000005647
0.0000005618
0.0000005589
0.0000005560
0.0000005531
0.0000005502
0.0000005474
0.0000005445
0.0000005417
0.0000005389
0.0000005361
0.0000005333
0.0000005306
0.0000005278
0.0000005251
0.0000005223
0.0000005196
0.0000005169
0.0000005142
0.0000005116
0.0000005089
0.0000005063
0.0000005036
0.0000005010
0.0000004984
0.0000004958
0.0000004932
0.0000004907
0.0000004881
0.0000004856
0.0000004831
0.0000004805
0.0000004780
0.0000004755
0.0000004731
0.0000004706
0.0000004682
0.0000004657
0.0000004633
0.0000004609
0.0000004585
0.0000004561
0.0000004537
0.0000004513
0.0000004490
0.0000004466
0.0000004443
0.0000004420
0.0000004397
0.0000004374
0.0000004351
0.0000004328
0.0000004305
0.0000004283
0.0000004261
0.0000004238
0.0000004216
0.0000004194
0.0000004172
0.0000004150
0.0000004128
0.0000004107
0.0000004085
0.0000004064
0.0000004043
0.0000004021
0.0000004000
0.0000003979
0.0000003959
0.0000003938
0.0000003917
0.0000003897
0.0000003876
0.0000003856
0.0000003836
0.0000003815
0.0000003795
0.0000003775
0.0000003756
0.0000003736
0.0000003716
0.0000003697
0.0000003677
0.0000003658
0.0000003639
0.0000003620
0.0000003600
0.0000003582
0.0000003563
0.0000003544
0.0000003525
0.0000003507
0.0000003488
0.0000003470
0.0000003452
0.0000003433
0.0000003415
0.0000003397
0.0000003379
0.0000003362
0.0000003344
0.0000003326
0.0000003309
0.0000003291
0.0000003274
0.0000003256
0.0000003239
0.0000003222
0.0000003205
0.0000003188
0.0000003171
0.0000003155
0.0000003138
0.0000003121
0.0000003105
0.0000003088
0.0000003072
0.0000003056
0.0000003040
0.0000003024
0.0000003007
0.0000002992
0.0000002976
0.0000002960
0.0000002944
0.0000002929
0.0000002913
0.0000002898
0.0000002882
0.0000002867
0.0000002852
0.0000002837
0.0000002822
0.0000002807
0.0000002792
0.0000002777
0.0000002762
0.0000002748
0.0000002733
0.0000002718
0.0000002704
0.0000002690
0.0000002675
0.0000002661
0.0000002647
0.0000002633
0.0000002619
0.0000002605
0.0000002591
0.0000002577
0.0000002563
0.0000002550
0.0000002536
0.0000002523
0.0000002509
0.0000002496
0.0000002483
0.0000002469
0.0000002456
0.0000002443
0.0000002430
0.0000002417
0.0000002404
0.0000002391
0.0000002379
0.0000002366
0.0000002353
0.0000002341
0.0000002328
0.0000002316
0.0000002303
0.0000002291
0.0000002279
0.0000002267
0.0000002254
0.0000002242
0.0000002230
0.0000002218
0.0000002207
0.0000002195
0.0000002183
0.0000002171
0.0000002160
0.0000002148
0.0000002137
0.0000002125
0.0000002114
0.0000002102
0.0000002091
0.0000002080
0.0000002069
0.0000002058
0.0000002047
0.0000002036
0.0000002025
0.0000002014
0.0000002003
0.0000001992
0.0000001982
0.0000001971
0.0000001960
0.0000001950
0.0000001939
0.0000001929
0.0000001918
0.0000001908
0.0000001898
0.0000001888
0.0000001878
0.0000001867
0.0000001857
0.0000001847
0.0000001837
0.0000001828
0.0000001818
0.0000001808
0.0000001798
0.0000001788
0.0000001779
0.0000001769
0.0000001760
0.0000001750
0.0000001741
0.0000001731
0.0000001722
0.0000001713
0.0000001703
0.0000001694
0.0000001685
0.0000001676
0.0000001667
0.0000001658
0.0000001649
0.0000001640
0.0000001631
0.0000001622
0.0000001614
0.0000001605
0.0000001596
0.0000001587
0.0000001579
0.0000001570
0.0000001562
0.0000001553
0.0000001545
0.0000001537
0.0000001528
0.0000001520
0.0000001512
0.0000001504
0.0000001495
0.0000001487
0.0000001479
0.0000001471
0.0000001463
0.0000001455
0.0000001447
0.0000001439
0.0000001432
0.0000001424
0.0000001416
0.0000001408
0.0000001401
0.0000001393
0.0000001386
0.0000001378
0.0000001371
0.0000001363
0.0000001356
0.0000001348
0.0000001341
0.0000001334
0.0000001326
0.0000001319
0.0000001312
0.0000001305
0.0000001298
0.0000001291
0.0000001284
0.0000001277
0.0000001270
0.0000001263
0.0000001256
0.0000001249
0.0000001242
0.0000001235
0.0000001229
0.0000001222
0.0000001215
0.0000001209
0.0000001202
0.0000001195
0.0000001189
0.0000001182
0.0000001176
0.0000001169
0.0000001163
0.0000001157
0.0000001150
0.0000001144
0.0000001138
0.0000001132
0.0000001125
0.0000001119
0.0000001113
0.0000001107
0.0000001101
0.0000001095
0.0000001089
0.0000001083
0.0000001077
0.0000001071
0.0000001065
0.0000001059
0.0000001054
0.0000001048
0.0000001042
0.0000001036
0.0000001031
0.0000001025
0.0000001019
0.0000001014
0.0000001008
0.0000001003
0.0000000997
0.0000000992
0.0000000986
0.0000000981
0.0000000975
0.0000000970
0.0000000965
0.0000000959
0.0000000954
0.0000000949
0.0000000944
0.0000000938
0.0000000933
0.0000000928
0.0000000923
0.0000000918
0.0000000913
0.0000000908
0.0000000903
0.0000000898
0.0000000893
0.0000000888
0.0000000883
0.0000000878
0.0000000873
0.0000000868
0.0000000864
0.0000000859
0.0000000854
0.0000000849
0.0000000845
0.0000000840
0.0000000835
0.0000000831
0.0000000826
0.0000000822
0.0000000817
0.0000000812
0.0000000808
0.0000000804
0.0000000799
0.0000000795
0.0000000790
0.0000000786
0.0000000782
0.0000000777
0.0000000773
0.0000000769
0.0000000764
0.0000000760
0.0000000756
0.0000000752
0.0000000748
0.0000000743
0.0000000739
0.0000000735
0.0000000731
0.0000000727
0.0000000723
0.0000000719
0.0000000715
0.0000000711
0.0000000707
0.0000000703
0.0000000699
0.0000000695
0.0000000691
0.0000000688
0.0000000684
0.0000000680
0.0000000676
0.0000000672
0.0000000669
0.0000000665
0.0000000661
0.0000000658
0.0000000654
0.0000000650
0.0000000647
0.0000000643
0.0000000639
0.0000000636
0.0000000632
0.0000000629
0.0000000625
0.0000000622
0.0000000618
0.0000000615
0.0000000611
0.0000000608
0.0000000605
0.0000000601
0.0000000598
0.0000000594
0.0000000591
0.0000000588
0.0000000585
0.0000000581
0.0000000578
0.0000000575
0.0000000572
0.0000000568
0.0000000565
0.0000000562
0.0000000559
0.0000000556
0.0000000553
0.0000000550
0.0000000546
0.0000000543
0.0000000540
0.0000000537
0.0000000534
0.0000000531
0.0000000528
0.0000000525
0.0000000522
0.0000000519
0.0000000517
0.0000000514
0.0000000511
0.0000000508
0.0000000505
0.0000000502
0.0000000499
0.0000000497
0.0000000494
0.0000000491
0.0000000488
0.0000000486
0.0000000483
0.0000000480
0.0000000477
0.0000000475
0.0000000472
0.0000000469
0.0000000467
0.0000000464
0.0000000461
0.0000000459
0.0000000456
0.0000000454
0.0000000451
0.0000000449
0.0000000446
0.0000000444
0.0000000441
0.0000000439
0.0000000436
0.0000000434
0.0000000431
0.0000000429
0.0000000426
0.0000000424
0.0000000421
0.0000000419
0.0000000417
0.0000000414
0.0000000412
0.0000000410
0.0000000407
0.0000000405
0.0000000403
0.0000000401
0.0000000398
0.0000000396
0.0000000394
0.0000000392
0.0000000389
0.0000000387
0.0000000385
0.0000000383
0.0000000381
0.0000000378
0.0000000376
0.0000000374
0.0000000372
0.0000000370
0.0000000368
0.0000000366
0.0000000364
0.0000000362
0.0000000359
0.0000000357
0.0000000355
0.0000000353
0.0000000351
0.0000000349
0.0000000347
0.0000000345
0.0000000343
0.0000000342
0.0000000340
0.0000000338
0.0000000336
0.0000000334
0.0000000332
0.0000000330
0.0000000328
0.0000000326
0.0000000324
0.0000000323
0.0000000321
0.0000000319
0.0000000317
0.0000000315
0.0000000313
0.0000000312
0.0000000310
0.0000000308
0.0000000306
0.0000000305
0.0000000303
0.0000000301
0.0000000299
0.0000000298
0.0000000296
0.0000000294
0.0000000293
0.0000000291
0.0000000289
0.0000000288
0.0000000286
0.0000000284
0.0000000283
0.0000000281
0.0000000280
0.0000000278
0.0000000276
0.0000000275
0.0000000273
0.0000000272
0.0000000270
0.0000000269
0.0000000267
0.0000000265
0.0000000264
0.0000000262
0.0000000261
0.0000000259
0.0000000258
0.0000000256
0.0000000255
0.0000000254
0.0000000252
0.0000000251
0.0000000249
0.0000000248
0.0000000246
0.0000000245
0.0000000243
0.0000000242
0.0000000241
0.0000000239
0.0000000238
0.0000000237
0.0000000235
0.0000000234
0.0000000233
0.0000000231
0.0000000230
0.0000000229
0.0000000227
0.0000000226
0.0000000225
0.0000000223
0.0000000222
0.0000000221
0.0000000219
0.0000000218
0.0000000217
0.0000000216
0.0000000214
0.0000000213
0.0000000212
0.0000000211
0.0000000210
0.0000000208
0.0000000207
0.0000000206
0.0000000205
0.0000000204
0.0000000202
0.0000000201
0.0000000200
0.0000000199
0.0000000198
0.0000000197
0.0000000195
0.0000000194
0.0000000193
0.0000000192
0.0000000191
0.0000000190
0.0000000189
0.0000000188
0.0000000187
0.0000000185
0.0000000184
0.0000000183
0.0000000182
0.0000000181
0.0000000180
0.0000000179
0.0000000178
0.0000000177
0.0000000176
0.0000000175
0.0000000174
0.0000000173
0.0000000172
0.0000000171
0.0000000170
0.0000000169
0.0000000168
0.0000000167
0.0000000166
0.0000000165
0.0000000164
0.0000000163
0.0000000162
0.0000000161
0.0000000160
0.0000000159
0.0000000159
0.0000000158
0.0000000157
0.0000000156
0.0000000155
0.0000000154
0.0000000153
0.0000000152
0.0000000151
0.0000000150
0.0000000150
0.0000000149
0.0000000148
0.0000000147
0.0000000146
0.0000000145
0.0000000144
0.0000000144
0.0000000143
0.0000000142
0.0000000141
0.0000000140
0.0000000139
0.0000000139
0.0000000138
0.0000000137
0.0000000136
0.0000000135
0.0000000135
0.0000000134
0.0000000133
0.0000000132
0.0000000131
0.0000000131
0.0000000130
0.0000000129
0.0000000128
0.0000000128
0.0000000127
0.0000000126
0.0000000125
0.0000000125
0.0000000124
0.0000000123
0.0000000122
0.0000000122
0.0000000121
0.0000000120
0.0000000120
0.0000000119
0.0000000118
0.0000000118
0.0000000117
0.0000000116
0.0000000115
0.0000000115
0.0000000114
0.0000000113
0.0000000113
0.0000000112
0.0000000111
0.0000000111
0.0000000110
0.0000000110
0.0000000109
0.0000000108
0.0000000108
0.0000000107
0.0000000106
0.0000000106
0.0000000105
0.0000000104
0.0000000104
0.0000000103
0.0000000103
0.0000000102
0.0000000101
0.0000000101
0.0000000100
0.0000000100
0.0000000099
0.0000000098
0.0000000098
0.0000000097
0.0000000097
0.0000000096
0.0000000096
0.0000000095
0.0000000094
0.0000000094
0.0000000093
0.0000000093
0.0000000092
0.0000000092
0.0000000091
0.0000000091
0.0000000090
0.0000000090
0.0000000089
0.0000000088
0.0000000088
0.0000000087
0.0000000087
0.0000000086
0.0000000086
0.0000000085
0.0000000085
0.0000000084
0.0000000084
0.0000000083
0.0000000083
0.0000000082
0.0000000082
0.0000000081
0.0000000081
0.0000000080
0.0000000080
0.0000000080
0.0000000079
0.0000000079
0.0000000078
0.0000000078
0.0000000077
0.0000000077
0.0000000076
0.0000000076
0.0000000075
0.0000000075
0.0000000074
0.0000000074
0.0000000074
0.0000000073
0.0000000073
0.0000000072
0.0000000072
0.0000000071
0.0000000071
0.0000000071
0.0000000070
0.0000000070
0.0000000069
0.0000000069
0.0000000068
0.0000000068
0.0000000068
0.0000000067
0.0000000067
0.0000000066
0.0000000066
0.0000000066
0.0000000065
0.0000000065
0.0000000065
0.0000000064
0.0000000064
0.0000000063
0.0000000063
0.0000000063
0.0000000062
0.0000000062
0.0000000061
0.0000000061
0.0000000061
0.0000000060
0.0000000060
0.0000000060
0.0000000059
0.0000000059
0.0000000059
0.0000000058
0.0000000058
0.0000000058
0.0000000057
0.0000000057
0.0000000057
0.0000000056
0.0000000056
0.0000000056
0.0000000055
0.0000000055
0.0000000055
0.0000000054
0.0000000054
0.0000000054
0.0000000053
0.0000000053
0.0000000053
0.0000000052
0.0000000052
0.0000000052
0.0000000051
0.0000000051
0.0000000051
0.0000000050
0.0000000050
0.0000000050
0.0000000050
0.0000000049
0.0000000049
0.0000000049
0.0000000048
0.0000000048
0.0000000048
0.0000000047
0.0000000047
0.0000000047
0.0000000047
0.0000000046
0.0000000046
0.0000000046
0.0000000046
0.0000000045
0.0000000045
0.0000000045
0.0000000044
0.0000000044
0.0000000044
0.0000000044
0.0000000043
0.0000000043
0.0000000043
0.0000000043
0.0000000042
0.0000000042
0.0000000042
0.0000000042
0.0000000041
0.0000000041
0.0000000041
0.0000000041
0.0000000040
0.0000000040
0.0000000040
0.0000000040
0.0000000039
0.0000000039
0.0000000039
0.0000000039
0.0000000038
0.0000000038
0.0000000038
0.0000000038
0.0000000037
0.0000000037
0.0000000037
0.0000000037
0.0000000037
0.0000000036
0.0000000036
0.0000000036
0.0000000036
0.0000000035
0.0000000035
0.0000000035
0.0000000035
0.0000000035
0.0000000034
0.0000000034
0.0000000034
0.0000000034
0.0000000034
0.0000000033
0.0000000033
0.0000000033
0.0000000033
0.0000000033
0.0000000032
0.0000000032
0.0000000032
0.0000000032
0.0000000032
0.0000000031
0.0000000031
0.0000000031
0.0000000031
0.0000000031
0.0000000030
0.0000000030
0.0000000030
0.0000000030
0.0000000030
0.0000000030
0.0000000029
0.0000000029
0.0000000029
0.0000000029
0.0000000029
0.0000000028
0.0000000028
0.0000000028
0.0000000028
0.0000000028
0.0000000028
0.0000000027
0.0000000027
0.0000000027
0.0000000027
0.0000000027
0.0000000027
0.0000000026
0.0000000026
0.0000000026
0.0000000026
0.0000000026
0.0000000026
0.0000000026
0.0000000025
0.0000000025
0.0000000025
0.0000000025
0.0000000025
0.0000000025
0.0000000024
0.0000000024
0.0000000024
0.0000000024
0.0000000024
0.0000000024
0.0000000024
0.0000000023
0.0000000023
0.0000000023
0.0000000023
0.0000000023
0.0000000023
0.0000000023
0.0000000022
0.0000000022
0.0000000022
0.0000000022
0.0000000022
0.0000000022
0.0000000022
0.0000000021
0.0000000021
0.0000000021
0.0000000021
0.0000000021
0.0000000021
0.0000000021
0.0000000021
0.0000000020
0.0000000020
0.0000000020
0.0000000020
0.0000000020
0.0000000020
0.0000000020
0.0000000020
0.0000000019
0.0000000019
0.0000000019
0.0000000019
0.0000000019
0.0000000019
0.0000000019
0.0000000019
0.0000000019
0.0000000018
0.0000000018
0.0000000018
0.0000000018
0.0000000018
0.0000000018
0.0000000018
0.0000000018
0.0000000017
0.0000000017
0.0000000017
0.0000000017
0.0000000017
0.0000000017
0.0000000017
0.0000000017
0.0000000017
0.0000000017
0.0000000016
0.0000000016
0.0000000016
0.0000000016
0.0000000016
0.0000000016
0.0000000016
0.0000000016
0.0000000016
0.0000000016
0.0000000015
0.0000000015
0.0000000015
0.0000000015
0.0000000015
0.0000000015
0.0000000015
0.0000000015
0.0000000015
0.0000000015
0.0000000015
0.0000000014
0.0000000014
0.0000000014
0.0000000014
0.0000000014
0.0000000014
0.0000000014
0.0000000014
0.0000000014
0.0000000014
0.0000000014
0.0000000013
0.0000000013
0.0000000013
0.0000000013
0.0000000013
0.0000000013
0.0000000013
0.0000000013
0.0000000013
0.0000000013
0.0000000013
0.0000000013
0.0000000012
0.0000000012
0.0000000012
0.0000000012
0.0000000012
0.0000000012
0.0000000012
0.0000000012
0.0000000012
0.0000000012
0.0000000012
0.0000000012
0.0000000012
0.0000000012
0.0000000011
0.0000000011
0.0000000011
0.0000000011
0.0000000011
0.0000000011
0.0000000011
0.0000000011
0.0000000011
0.0000000011
0.0000000011
0.0000000011
0.0000000011
0.0000000011
0.0000000010
0.0000000010
0.0000000010
0.0000000010
0.0000000010
0.0000000010
0.0000000010
0.0000000010
0.0000000010
0.0000000010
0.0000000010
0.0000000010
0.0000000010
0.0000000010
0.0000000010
0.0000000010
0.0000000009
0.0000000009
0.0000000009
0.0000000009
0.0000000009
0.0000000009
0.0000000009
0.0000000009
0.0000000009
0.0000000009
0.0000000009
0.0000000009
0.0000000009
0.0000000009
0.0000000009
0.0000000009
0.0000000009
0.0000000009
0.0000000008
0.0000000008
0.0000000008
0.0000000008
0.0000000008
0.0000000008
0.0000000008
0.0000000008
0.0000000008
0.0000000008
0.0000000008
0.0000000008
0.0000000008
0.0000000008
0.0000000008
0.0000000008
0.0000000008
0.0000000008
0.0000000008
0.0000000008
0.0000000007
0.0000000007
0.0000000007
0.0000000007
0.0000000007
0.0000000007
0.0000000007
0.0000000007
0.0000000007
0.0000000007
0.0000000007
0.0000000007
0.0000000007
0.0000000007
0.0000000007
0.0000000007
0.0000000007
0.0000000007
0.0000000007
0.0000000007
0.0000000007
0.0000000007
0.0000000006
0.0000000006
0.0000000006
0.0000000006
0.0000000006
0.0000000006
0.0000000006
0.0000000006
0.0000000006
0.0000000006
0.0000000006
0.0000000006
0.0000000006
0.0000000006
0.0000000006
0.0000000006
0.0000000006
0.0000000006
0.0000000006
0.0000000006
0.0000000006
0.0000000006
0.0000000006
0.0000000006
0.0000000006
0.0000000006
0.0000000005
0.0000000005
0.0000000005
0.0000000005
0.0000000005
0.0000000005
0.0000000005
0.0000000005
0.0000000005
0.0000000005
0.0000000005
0.0000000005
0.0000000005
0.0000000005
0.0000000005
0.0000000005
0.0000000005
0.0000000005
0.0000000005
0.0000000005
0.0000000005
0.0000000005
0.0000000005
0.0000000005
0.0000000005
0.0000000005
0.0000000005
0.0000000005
0.0000000005
0.0000000005
0.0000000005
0.0000000005
0.0000000004
0.0000000004
0.0000000004
0.0000000004
0.0000000004
0.0000000004
0.0000000004
0.0000000004
0.0000000004
0.0000000004
0.0000000004
0.0000000004
0.0000000004
0.0000000004
0.0000000004
0.0000000004
0.0000000004
0.0000000004
0.0000000004
0.0000000004
0.0000000004
0.0000000004
0.0000000004
0.0000000004
0.0000000004
0.0000000004
0.0000000004
0.0000000004
0.0000000004
0.0000000004
0.0000000004
0.0000000004
0.0000000004
0.0000000004
0.0000000004
0.0000000004
0.0000000004
0.0000000004
0.0000000004
0.0000000003
0.0000000003
0.0000000003
0.0000000003
0.0000000003
0.0000000003
0.0000000003
0.0000000003
0.0000000003
0.0000000003
0.0000000003
0.0000000003
0.0000000003
0.0000000003
0.0000000003
0.0000000003
0.0000000003
0.0000000003
0.0000000003
0.0000000003
0.0000000003
0.0000000003
0.0000000003
0.0000000003
0.0000000003
0.0000000003
0.0000000003
0.0000000003
0.0000000003
0.0000000003
0.0000000003
0.0000000003
0.0000000003
0.0000000003
0.0000000003
0.0000000003
0.0000000003
0.0000000003
0.0000000003
0.0000000003
0.0000000003
0.0000000003
0.0000000003
0.0000000003
0.0000000003
0.0000000003
0.0000000003
0.0000000003
0.0000000003
0.0000000003
0.0000000003
0.0000000003
0.0000000002
0.0000000002
0.0000000002
0.0000000002
0.0000000002
0.0000000002
0.0000000002
0.0000000002
0.0000000002
0.0000000002
0.0000000002
0.0000000002
0.0000000002
0.0000000002
0.0000000002
0.0000000002
0.0000000002
0.0000000002
0.0000000002
0.0000000002
0.0000000002
0.0000000002
0.0000000002
0.0000000002
0.0000000002
0.0000000002
0.0000000002
0.0000000002
0.0000000002
0.0000000002
0.0000000002
0.0000000002
0.0000000002
0.0000000002
0.0000000002
0.0000000002
0.0000000002
0.0000000002
0.0000000002
0.0000000002
0.0000000002
0.0000000002
0.0000000002
0.0000000002
0.0000000002
0.0000000002
0.0000000002
0.0000000002
0.0000000002
0.0000000002
0.0000000002
0.0000000002
0.0000000002
0.0000000002
0.0000000002
0.0000000002
0.0000000002
0.0000000002
0.0000000002
0.0000000002
0.0000000002
0.0000000002
0.0000000002
0.0000000002
0.0000000002
0.0000000002
0.0000000002
0.0000000002
0.0000000002
0.0000000002
0.0000000002
0.0000000002
0.0000000002
0.0000000002
0.0000000002
0.0000000002
0.0000000002
0.0000000002
0.0000000001
0.0000000001
0.0000000001
0.0000000001
0.0000000001
0.0000000001
0.0000000001
0.0000000001
0.0000000001
0.0000000001
0.0000000001
0.0000000001
0.0000000001
0.0000000001
0.0000000001
0.0000000001
0.0000000001
0.0000000001
0.0000000001
0.0000000001
0.0000000001
0.0000000001
0.0000000001
0.0000000001
0.0000000001
0.0000000001
0.0000000001
0.0000000001
0.0000000001
0.0000000001
0.0000000001
0.0000000001
0.0000000001
0.0000000001
0.0000000001
0.0000000001
0.0000000001
0.0000000001
0.0000000001
0.0000000001
0.0000000001
0.0000000001
0.0000000001
0.0000000001
0.0000000001
0.0000000001
0.0000000001
0.0000000001
0.0000000001
0.0000000001
0.0000000001
0.0000000001
0.0000000001
0.0000000001
0.0000000001
0.0000000001
0.0000000001
0.0000000001
0.0000000001
0.0000000001
0.0000000001
0.0000000001
0.0000000001
0.0000000001
0.0000000001
0.0000000001
0.0000000001
0.0000000001
0.0000000001
0.0000000001
0.0000000001
0.0000000001
0.0000000001
0.0000000001
0.0000000001
0.0000000001
0.0000000001
0.0000000001
0.0000000001
0.0000000001
0.0000000001
0.0000000001
0.0000000001
0.0000000001
0.0000000001
0.0000000001
0.0000000001
0.0000000001
0.0000000001
0.0000000001
0.0000000001
0.0000000001
0.0000000001
0.0000000001
0.0000000001
0.0000000001
0.0000000001
0.0000000001
0.0000000001
0.0000000001
0.0000000001
0.0000000001
0.0000000001
0.0000000001
0.0000000001
0.0000000001
0.0000000001
0.0000000001
0.0000000001
0.0000000001
0.0000000001
0.0000000001
0.0000000001
0.0000000001
0.0000000001
0.0000000001
0.0000000001
0.0000000001
0.0000000001
0.0000000001
0.0000000001
0.0000000001
0.0000000001
0.0000000001
0.0000000001
0.0000000001
0.0000000001
0.0000000001
0.0000000001
0.0000000001
0.0000000001
0.0000000001
0.0000000001
0.0000000001
0.0000000001
0.0000000001
0.0000000001
0.0000000001
0.0000000001
0.0000000001
0.0000000001
0.0000000001
0.0000000001
0.0000000001
0.0000000001
0.0000000001
0.0000000001
0.0000000001
0.0000000001
0.0000000001
0.0000000001
0.0000000001
0.0000000001
0.0000000001
0.0000000001
0.0000000001
0.0000000001
0.0000000001
0.0000000001
0.0000000001
0.0000000001
0.0000000001
0.0000000001
0.0000000001
0.0000000000
0.0000000000
0.0000000000
0.0000000000
0.0000000000
0.0000000000
0.0000000000
0.0000000000
0.0000000000
0.0000000000
0.0000000000
0.0000000000
0.0000000000
0.0000000000
0.0000000000
0.0000000000
0.0000000000
0.0000000000
0.0000000000
0.0000000000
0.0000000000
0.0000000000
0.0000000000
0.0000000000
0.0000000000
0.0000000000
0.0000000000
0.0000000000
0.0000000000
0.0000000000
0.0000000000
0.0000000000
0.0000000000
0.0000000000
0.0000000000
0.0000000000
0.0000000000
0.0000000000
0.0000000000
0.0000000000
0.0000000000
0.0000000000
0.0000000000
0.0000000000
0.0000000000
0.0000000000
0.0000000000
0.0000000000
0.0000000000
0.0000000000
0.0000000000
0.0000000000
0.0000000000
0.0000000000
0.0000000000
0.0000000000
0.0000000000
0.0000000000
0.0000000000
0.0000000000
0.0000000000
0.0000000000
0.0000000000
0.0000000000
0.0000000000
0.0000000000
0.0000000000
0.0000000000
0.0000000000
0.0000000000
0.0000000000
0.0000000000
0.0000000000
0.0000000000
0.0000000000
0.0000000000
0.0000000000
0.0000000000
0.0000000000
0.0000000000
0.0000000000
0.0000000000
0.0000000000
0.0000000000
0.0000000000
0.0000000000
0.0000000000
0.0000000000
0.0000000000
0.0000000000
0.0000000000
0.0000000000
0.0000000000
0.0000000000
0.0000000000
0.0000000000
0.0000000000
0.0000000000
0.0000000000
0.0000000000
0.0000000000
0.0000000000
0.0000000000
0.0000000000
0.0000000000
0.0000000000
0.0000000000
0.0000000000
0.0000000000
0.0000000000
0.0000000000
0.0000000000
0.0000000000
0.0000000000
0.0000000000
0.0000000000
0.0000000000
0.0000000000
0.0000000000
0.0000000000
0.0000000000
0.0000000000
0.0000000000
0.0000000000
0.0000000000
0.0000000000
0.0000000000
0.0000000000
0.0000000000
0.0000000000
0.0000000000
0.0000000000
0.0000000000
0.0000000000
0.0000000000
0.0000000000
0.0000000000
0.0000000000
0.0000000000
0.0000000000
0.0000000000
0.0000000000
0.0000000000
0.0000000000
0.0000000000
0.0000000000
0.0000000000
0.0000000000
0.0000000000
0.0000000000
0.0000000000
0.0000000000
0.0000000000
0.0000000000
0.0000000000
0.0000000000
0.0000000000
0.0000000000
0.0000000000
0.0000000000
0.0000000000
0.0000000000
0.0000000000
0.0000000000
0.0000000000
0.0000000000
0.0000000000
0.0000000000
0.0000000000
0.0000000000
0.0000000000
0.0000000000
0.0000000000
0.0000000000
0.0000000000
0.0000000000
0.0000000000
0.0000000000
0.0000000000
0.0000000000
0.0000000000
0.0000000000
0.0000000000
0.0000000000
0.0000000000
0.0000000000
0.0000000000
0.0000000000
0.0000000000
0.0000000000
0.0000000000
0.0000000000
0.0000000000
0.0000000000
0.0000000000
0.0000000000
0.0000000000
0.0000000000
0.0000000000
0.0000000000
0.0000000000
0.0000000000
0.0000000000
0.0000000000
0.0000000000
0.0000000000
0.0000000000
0.0000000000
0.0000000000
0.0000000000
0.0000000000
0.0000000000
0.0000000000
0.0000000000
0.0000000000
0.0000000000
0.0000000000
0.0000000000
0.0000000000
0.0000000000
0.0000000000
0.0000000000
0.0000000000
0.0000000000
0.0000000000
0.0000000000
0.0000000000
0.0000000000
0.0000000000
0.0000000000
0.0000000000
0.0000000000
0.0000000000
0.0000000000
0.0000000000
0.0000000000
0.0000000000
0.0000000000
0.0000000000
0.0000000000
0.0000000000
0.0000000000
0.0000000000
0.0000000000
0.0000000000
0.0000000000
0.0000000000
